#Name,z,z_err,K0(keV.cm^2),K0_err,K100(keV.cm^2),K100_err,alpha,Tx(keV),Tx_err,Lbol(10^44erg/sec),Lbol_err,UL?,LHa(10^40erg/sec),LHa_err,UL?,Lrad(10^40erg/sec),Lrad_err
1E_0657-56,0.296,0.001,307.45,19.31,18.55,6.52,1.88,11.64,0.4,52.8,0,?,,,<,8.34,0
2A_0335+096,0.03634,0.00016,7.14,0.14,138.64,1.92,1.52,2.88,0,9.77,0,=,2.58,0,=,1.12,0
2PIGG_J0011.5-2850,0.075,0.001,101.98,42.94,214.68,51.48,0.84,5.86,0,2.17,0,?,,,=,1.68,0
2PIGG_J2227.0-3041,0.073,0.001,17.13,0.98,113.95,3.65,1.37,2.79,0,0.81,0,?,,,=,32.4,0
3C_28.0,0.195443,0.000012,23.85,1.28,107.82,3.94,1.79,3.9,0,4.83,0,?,,,=,1630,0
3C_295,0.461687,0.000049,14.54,2.53,81.95,6.34,1.47,6.51,0,7.01,0,=,232,0,=,203000,0
3C_388,0.0917,0.0001,17.03,5.77,214.3,8.54,0.76,3.5,0,0.529,0,?,,,=,1290,0
4C_55.16,0.241615,0.000054,23.27,2.87,161.6,7.74,1.29,4.21,0,5.97,0,=,800,0,=,16100,0
Abell_13,0.0943,0.0001,182.64,26.18,181.95,36.81,1.37,6.51,0,1.42,0,?,,,<,0.609,0
Abell_68,0.2546,0.0001,217.34,89.03,142.31,98.33,0.89,7.99,0,12.8,0,<,8.3,0,<,4.34,0
Abell_85,0.055777,0.0004,12.5,0.53,158.83,1.87,1.12,6.9,0,5.3,0,=,0.431,0,=,4.61,0
Abell_119,0.044325,0.00024,233.85,87.65,191.29,102.81,0.75,6.04,0,1.41,0,<,0.016,0,<,0.125,0
Abell_133,0.0572,0.00051,17.26,0.49,170.12,4.15,1.59,3.71,0,0.828,0,=,0.653,0,<,0.203,0
Abell_141,0.229744,0.00001,205.03,27.44,42.56,20.75,1.78,5.31,0,,,?,,,<,3.44,0
Abell_160,0.043739,0.0004,155.78,27.67,116.26,29.25,0.98,2.7,0,,,<,0.213,0,<,0.102,0
Abell_193,0.048587,0.00029,185.46,13.3,35.96,16.81,2.23,2.5,0,,,<,0.251,0,=,1.56,0
Abell_209,0.206,0.001,105.5,26.94,149.31,35.16,0.8,8.28,0,11,0,?,,,<,3.38,0
Abell_222,0.2143,0.0001,126.02,15.01,82.25,18.98,1,4.6,0,10.5,0,<,5.62,0,<,2.66,0
Abell_223,0.207,0.001,183.87,46.09,160.65,59.23,1.24,5.28,0,11.2,0,<,5.29,0,=,19.8,0
Abell_262,0.01742,0.00027,10.57,0.76,205.09,7.87,0.98,2.18,0,1.05,0,?,,,=,0.435,0
Abell_267,0.23,0.001,168.56,17.64,51.81,21.05,1.82,6.79,0,8.7,0,<,6.65,0,<,4.34,0
Abell_368,0.222,0.001,50.87,8.21,144.12,15.35,1.21,5.62,0,,,?,,,=,6.48,0
Abell_370,0.375,0.001,321.92,90.83,78.72,89.33,1.24,7.2,0,12.1,0,?,,,<,13.4,0
Abell_383,0.1907,0.00089,13.02,1.57,110.9,5.24,1.4,3.93,0,5.39,0,?,,,=,44.6,0
Abell_399,0.071806,0.00044,153.2,18.76,204.34,22.45,0.74,5.8,0,4.4,0,<,0.561,0,<,0.343,0
Abell_400,0.023214,0.00034,162.81,3.92,35.26,5.74,1.76,2.31,0,0.851,0,<,0.06,0,<,0.028,0
Abell_401,0.073664,0.00036,166.86,7.7,81.79,10.43,1.4,8.07,0,8.39,0,<,0.609,0,<,0.372,0
Abell_426,0.018,0.001,19.38,0.16,119.89,0.5,1.74,6.79,0,50,0,=,0.146,0,=,143,0
Abell_478,0.088,0.0002,7.81,0.92,122,2.58,0.97,7.07,0,16.7,0,=,6.03,0,=,7.87,0
Abell_496,0.03295,0.0002,8.91,0.66,216.33,10.45,1.27,3.89,0,0.575,0,=,0.718,0,=,3.27,0
Abell_520,0.202,0.003,325.54,29.22,10.22,11.8,2.09,7.4,0,13.1,0,<,5.01,0,<,3.24,0
Abell_521,0.2533,0.001,259.87,36.25,245.43,61.81,1.91,6.74,0,9.85,0,?,,,<,4.29,0
Abell_539,0.0284,0.0001,22.59,4.49,493.32,165.56,1.05,3.24,0,1.82,0,?,,,<,0.041,0
Abell_562,0.11,0.001,202.06,39.29,34.61,45.25,1.09,3.04,0,2.14,0,?,,,<,0.677,0
Abell_576,0.038205,0.000334,95.29,15.44,221.21,31.54,1.41,4.09,0,0.47,0,<,0.157,0,<,0.094,0
Abell_586,0.171,0.0003,94.75,19.22,92.06,25.54,1.25,8.7,0,8.61,0,<,3.5,0,=,4.91,0
Abell_611,0.288,0.001,124.93,18.61,164.35,31.45,1.25,6.69,0,10.9,0,<,10.9,0,<,7.26,0
Abell_644,0.07,0.001,132.36,9.15,85.91,11.68,1.55,6.6,0,7.61,0,<,0.346,0,<,0.325,0
Abell_665,0.182,0.001,134.57,23.45,106.34,25.14,1.06,8.3,0,13.5,0,<,3.96,0,<,2.53,0
Abell_697,0.282,0.001,166.67,24.45,108.16,29.13,1.1,9.06,0,26.3,0,<,10.4,0,<,6.92,0
Abell_744,0.0729,0.001,63.42,10.17,229.33,15.24,0.79,2.5,0,0.891,0,<,6.49,0,<,0.282,0
Abell_754,0.054315,0.000357,270.39,23.78,69.67,26.5,1.48,9.94,0,33.1,0,<,0.219,0,<,0.192,0
Abell_773,0.217,0.001,244.32,31.73,41.1,22.52,1.6,8.53,0,13,0,<,5.86,0,<,3.8,0
Abell_907,0.167,0.01,23.38,3.22,187.01,8.11,1.05,5.04,0,6.26,0,?,,,=,47.7,0
Abell_963,0.2055,0.0005,55.77,12.86,169.12,20.27,0.9,6.6,0,10.7,0,<,5.21,0,<,3.37,0
Abell_1060,0.013303,0.0005,72,5.2,178.34,100.88,1.25,3.2,0,0.012,0,?,,,<,0.01,0
Abell_S1063,0.351,0.001,169.59,19.67,42.21,17.72,1.72,11.1,0,71.5,0,?,,,<,21.1,0
Abell_1068,0.1389,0.00045,9.11,1.03,108.8,3.24,1.31,3.87,0,4.77,0,=,226,0,=,12.8,0
Abell_1201,0.1688,0.001,64.81,16.87,198.94,25.18,1.03,6.9,0,4.08,0,<,3.41,0,<,2.17,0
Abell_1204,0.1706,0.0001,15.31,1.42,81.83,3.64,1.4,3.78,0,3.98,0,=,6.38,0,<,2.22,0
Abell_1240,0.159,0.001,462.4,41.66,8.27,18.17,2.37,4.77,0,,,?,,,<,1.51,0
Abell_1361,0.1167,0.0005,18.64,4.9,117.86,10.53,1.06,4.08,0,2.39,0,=,7.75,0,=,267,0
Abell_1413,0.1436,0.00098,64.03,8.33,123.19,12.99,1.19,8.9,0,10.2,0,<,2.38,0,<,1.6,0
Abell_1423,0.213,0.001,68.32,68.32,124.17,12.85,1.2,8.5,0,7.07,0,<,5.62,0,<,4.6,0
Abell_1446,0.1035,0.0004,152.38,43.81,119.5,49.55,0.67,4,0,,,?,,,<,0.594,0
Abell_1569,0.0735,0.005,110.1,27.79,149.14,28.89,0.51,2.51,0,,,?,,,<,0.287,0
Abell_1576,0.3019,0.002,186.24,49.11,98.35,47.6,1.38,8.65,0,31.6,0,?,,,=,39.4,0
Abell_1644,0.047195,0.000354,19.03,1.16,585.67,81.85,1.76,4.6,0,,,=,0.522,0,=,5.63,0
Abell_1650,0.08445,0.00067,37.96,9.95,159.89,12.1,0.84,5.89,0,4.37,0,<,0.05,0,<,0.484,0
Abell_1651,0.084945,0.00019,89.46,11.07,115.53,15.16,0.97,7,0,6.71,0,<,0.781,0,<,0.852,0
Abell_1664,0.12832,0.00032,14.4,0.98,141.84,6.05,1.7,3.5,0,3.15,0,?,,,=,17.1,0
Abell_1689,0.183,0.003,78.44,7.56,111.77,13.83,1.35,10.1,0,28.1,0,<,0.28,0,<,2.64,0
Abell_1736,0.0458,0.0003,150.35,38.25,127.25,37.91,0.99,3.45,0,3.47,0,<,0.007,0,<,0.072,0
Abell_1758,0.28,0.001,230.84,37.22,144.04,50.23,1.21,7.95,0,21.1,0,<,10.2,0,<,6.76,0
Abell_1763,0.223,0.005,214.69,32.84,70.8,29.05,1.37,6.9,0,9.33,0,<,4.22,0,<,2.71,0
Abell_1795,0.06447,0.0004,18.99,1.05,130.38,2.77,1.18,7.8,0,7.81,0,=,8.77,0,=,95.2,0
Abell_1835,0.2532,0.003,11.44,2.47,111.71,7.91,1.26,7.65,0,39.6,0,=,504,0,=,84.9,0
Abell_1914,0.1711,0.0001,107.16,18.04,131.15,28.3,1.05,10.5,0,26.4,0,<,3.51,0,<,2.24,0
Abell_1942,0.224,0.001,107.73,77.72,194.08,88.68,0.66,5.12,0,2.3,0,<,6.28,0,=,1220,0
Abell_1991,0.05813,0.00027,1.53,0.32,152.21,4.17,1.09,5.4,0,0.451,0,=,0.596,0,=,3.25,0
Abell_1995,0.3186,0.0026,374.35,60.08,26.81,32.93,2.08,8.6,0,10.3,0,?,,,<,7.29,0
Abell_2029,0.07872,0.00026,10.5,0.67,163.58,2.12,0.95,7.38,0,15.6,0,<,0.643,0,=,82.2,0
Abell_2034,0.113,0.003,232.64,23.04,85.07,22.58,1.14,7.15,0,6.5,0,<,1.45,0,<,0.904,0
Abell_2052,0.03443,0.0002,9.45,0.66,164.72,2.59,1.25,2.98,0,5.13,0,=,1.38,0,=,174,0
Abell_2063,0.0331,0.002,53.51,2.6,129.01,3.92,1.07,3.61,0,4.27,0,<,0.13,0,=,0.455,0
Abell_2065,0.074094,0.000334,43.95,6.48,195.29,10.59,1.02,5.35,0,2.95,0,<,0.584,0,<,0.357,0
Abell_2069,0.116,0.0031,453.25,35.63,54.57,36.31,1.47,7.9,0,3.86,0,<,1.54,0,<,0.957,0
Abell_2104,0.153349,0.000347,160.61,42.16,210.1,53.93,1.2,9.31,0,6.98,0,<,2.85,0,<,1.81,0
Abell_2107,0.041507,0.000304,21.24,5.85,396.13,92.51,0.91,3.82,0,3.02,0,<,0.179,0,<,0.079,0
Abell_2111,0.229,0.0001,107.36,97.29,193.98,118.71,0.65,8.02,0,7.51,0,<,6.65,0,<,4.34,0
Abell_2124,0.0658,0,98.31,0,260.81,0,0.9,4.41,0,0.464,0,<,0.471,0,<,0.228,0
Abell_2125,0.2465,0,225.17,0,32.9,0,1.35,3.2,0,0.787,0,?,,,<,4.53,0
Abell_2142,0.0898,0,68.06,0,120.57,0,1.22,8.24,0,75.9,0,<,0.898,0,<,0.553,0
Abell_2147,0.0356,0,151.86,0,136.19,0,0.55,4.45,0,0.726,0,<,0.134,0,=,0.41,0
Abell_2151,0.035698,0.000324,0.37,0,135.18,0,0.56,2.9,0,1.41,0,<,0.141,0,=,0.059,0
Abell_2163,0.1695,0,437.98,0,72.21,0,1.87,12.12,0,49.3,0,?,,,<,2.19,0
Abell_2187,0.1833,0,78.63,0,170.71,0,0.96,7.3,0,12.6,0,?,,,?,,
Abell_2199,0.03094,0.00036,13.27,0,331.46,0,1.35,4.14,0,0.808,0,=,1.42,0,=,83.2,0
Abell_2204,0.1524,0,9.74,0,166.19,0,1.41,6.97,0,23,0,?,,,=,38.1,0
Abell_2218,0.1713,0,288.56,0,10.72,0,2.35,6.7,0,8.46,0,<,3.52,0,<,2.24,0
Abell_2219,0.2256,0,411.57,0,17.01,0,1.97,9.81,0,38.3,0,<,6.37,0,<,4.15,0
Abell_2244,0.0967,0,57.58,0,109.07,0,1,5.57,0,5.54,0,<,1.05,0,=,0.803,0
Abell_2255,0.0805,0,529.1,0,5.78,0,2.63,6.42,0,3.7,0,<,0.715,0,<,0.439,0
Abell_2256,0.0579,0,349.58,0,7.05,0,2.54,6.9,0,25.7,0,?,,,<,0.22,0
Abell_2259,0.164,0.001,113.98,0,60.96,0,1.36,4.94,0,5.43,0,<,3.2,0,<,2.04,0
Abell_2261,0.2242,0.0001,61.08,0,105.96,0,1.27,7.58,0,17.6,0,<,6.28,0,<,4.67,0
Abell_2294,0.178,0,156.31,0,235.74,0,1.03,7.1,0,10.4,0,?,,,<,2.44,0
Abell_2319,0.0562,0,270.23,0,39.42,0,1.76,9.49,0,12.7,0,<,6.45,0,<,0.206,0
Abell_2384,0.0945,0,38.48,0,139.21,0,1.49,3.8,0,1.98,0,?,,,<,0.616,0
Abell_2390,0.2301,0,14.73,0,202.92,0,1.07,9.16,0,35.6,0,=,66.3,0,=,409,0
Abell_2409,0.1479,0,73.81,0,120.76,0,0.97,5.5,0,7.08,0,<,2.57,0,<,1.62,0
Abell_2420,0.0846,0,332.56,0,64.33,0,1.12,7.89,0,,,?,,,<,0.484,0
Abell_2462,0.0737,0,129.68,0,83.2,0,0.77,2.5,0,,,?,,,<,0.289,0
Abell_2537,0.295,0,110.41,0,124.72,0,1.26,6.08,0,10.2,0,?,,,<,7.68,0
Abell_2554,0.1103,0,105.09,0,318.36,0,0.66,6.4,0,1.66,0,?,,,<,0.681,0
Abell_2556,0.0862,0,12.38,0,115.76,0,1.13,10.85,0,1.53,0,?,,,<,0.507,0
Abell_2589,0.0415,0,51.99,0,109.56,0,0.61,3.7,0,0.33,0,<,0.183,0,<,0.087,0
Abell_2597,0.0854,0,10.6,0,98.88,0,1.26,3.58,0,1.47,0,=,53.8,0,=,373,0
Abell_2626,0.0573,0,23.19,0,144.08,0,1.05,2.9,0,0.661,0,=,0.596,0,=,4.68,0
Abell_2631,0.2779,0,308.81,0,29.18,0,1.44,9.6,0,12.7,0,<,10.1,0,<,6.69,0
Abell_2657,0.0402,0,65.39,0,153.55,0,0.91,3.77,0,4.27,0,<,0.171,0,<,0.075,0
Abell_2667,0.2324,0.00067,19.31,0,93.44,0,1.31,6.31,0,20.1,0,?,,,=,33.7,0
Abell_2717,0.049097,0.000857,27.05,0,151.19,0,0.75,2.56,0,0.26,0,?,,,<,0.102,0
Abell_2744,0.308,0,438.44,0,46.39,0,1.41,9.61,0,29.2,0,?,,,<,8.49,0
Abell_2813,0.2924,0,267.63,0,90.43,0,1.76,8.39,0,,,?,,,<,5.97,0
Abell_3084,0.0977,0,96.74,0,193.67,0,1.08,4.56,0,,,?,,,<,0.525,0
Abell_3088,0.2534,0,82.78,0,216.83,0,1.71,6.71,0,38.9,0,?,,,<,4.29,0
Abell_3112,0.072,0,11.4,0,169.12,0,1.17,4.28,0,3.28,0,=,3.36,0,=,119,0
Abell_3120,0.069,0,17.29,0,206.17,0,0.99,4.39,0,,,?,,,=,2.71,0
Abell_3158,0.058679,0.000387,166.01,0,80.92,0,0.9,5.5,0,3.45,0,<,0.029,0,<,0.237,0
Abell_3266,0.059,0,72.45,0,376.73,0,0.64,8.35,0,2.77,0,<,0.022,0,<,0.246,0
Abell_3364,0.1483,0,268.55,0,34.53,0,1.97,6.59,0,,,?,,,=,7.87,0
Abell_3376,0.0456,0,282.95,0,58.97,0,1.71,4.08,0,0.756,0,?,,,<,0.134,0
Abell_3391,0.056,0,367.52,0,23.56,0,1.64,6.07,0,1.44,0,?,,,<,0.221,0
Abell_3395,0.051,0,247.2,0,105.85,0,1.65,5.13,0,5.75,0,?,,,<,0.182,0
Abell_3528S,0.053,0,31.56,0,270.04,0,1.17,4.94,0,,,?,,,=,61,0
Abell_3558,0.048,0,126.15,0,132.52,0,2.11,5.51,0,1.63,0,<,0.174,0,=,0.238,0
Abell_3562,0.049,0,77.42,0,159.76,0,0.81,3.8,0,1.11,0,<,0.266,0,<,0.155,0
Abell_3571,0.0391,0,79.31,0,191.27,0,0.82,7.6,0,1.25,0,<,0.114,0,<,0.097,0
Abell_3581,0.0218,0,9.51,0,138.07,0,1.22,2.1,0,1.23,0,=,21.3,0,=,6.04,0
Abell_3667,0.0556,0,160.43,0,110.56,0,0.78,6.72,0,4.25,0,<,0.199,0,<,0.226,0
Abell_3822,0.0759,0,108.66,0,200.32,0,0.66,5.45,0,,,?,,,<,0.417,0
Abell_3827,0.0984,0,164.58,0,94.8,0,1.34,8.05,0,,,?,,,<,0.724,0
Abell_3921,0.0927,0,101.19,0,151.49,0,0.86,5.69,0,3.37,0,?,,,<,0.637,0
Abell_4038,0.02819,0.00055,37.93,0,117.86,0,1.11,3.3,0,0.821,0,?,,,=,0.622,0
Abell_4059,0.04873,0.00056,7.06,0,203.16,0,0.88,4.69,0,6.76,0,=,1.18,0,=,159,0
Abell_S0405,0.0613,0,16.94,0,274.22,0,0.45,4.63,0,,,?,,,=,1.27,0
Abell_S0592,0.2216,0,58.7,0,195.48,0,0.99,8.24,0,,,?,,,<,4.3,0
AC_114,0.312,0,199.79,0,69.99,0,1.5,6.99,0,11,0,?,,,<,6.94,0
AWM7,0.0172,0,8.37,0,227.59,0,0.8,3.71,0,4.07,0,?,,,<,0.018,0
Centaurus,0.0109,0,2.25,0,474.86,0,1.33,3.96,0,1.74,0,=,1.5,0,=,7.38,0
CID_72,0.0344,0,9.45,0,133.25,0,0.99,2.88,0,,,=,0.106,0,=,0.358,0
CL_J1226.9+3332,0.89,0,166.03,0,99,0,1.41,10.4,0,31,0,?,,,=,190,0
Cygnus_A,0.0561,0,23.64,0,210.12,0,1.57,10.4,0,2.18,0,=,21.3,0,=,63700,0
ESO_3060170,0.0358,0,7.98,0,1400.88,0,1.8,2.79,0,0.238,0,?,,,=,0.293,0
ESO_5520200,0.0314,0,5.89,0,121.77,0,0.67,2.34,0,0.09,0,?,,,<,0.062,0
EXO_0422-086,0.0397,0,13.77,0,193.82,0,1.25,3.28,0,0.738,0,<,0.011,0,=,4.52,0
HCG_62,0.0146,0,3.44,0,219.02,0,1.28,1.1,0,0.081,0,=,0.038,0,=,0.02,0
HCG_42,0.0133,0,1.85,0,126.46,0,0.87,0.7,0,0.018,0,?,,,=,0.009,0
Hercules_A,0.1541,0,9.17,0,143.89,0,1.07,4.15,0,3.48,0,=,1.3,0,=,55200,0
Hydra_A,0.0549,0,13.31,0,114.92,0,1.03,4.3,0,2.63,0,=,9.61,0,=,2890,0
M49,0.0033,0,0.91,0,495.33,0,1.14,1.33,0,,,?,,,=,0.046,0
M87,0.0044,0,3.53,0,146.6,0,0.8,2.5,0,,,=,0.103,0,=,47,0
MACS_J0011.7-1523,0.36,0,18.83,0,109.14,0,1.04,5.42,0,11,0,?,,,=,152,0
MACS_J0035.4-2015,0.3644,0,93.42,0,76.4,0,1.26,7.39,0,19.8,0,?,,,<,12.6,0
MACS_J0159.8-0849,0.405,0,18.79,0,123.87,0,1.31,9.59,0,26.5,0,?,,,=,237,0
MACS_J0242.5-2132,0.314,0,10.92,0,74.59,0,1.29,6.22,0,12.9,0,?,,,=,4450,0
MACS_J0257.1-2325,0.5053,0,234.47,0,195.81,0,1.39,10.5,0,21.9,0,?,,,<,27.5,0
MACS_J0257.6-2209,0.3224,0,155.91,0,82.11,0,1.55,7.4,0,10.9,0,?,,,<,9.44,0
MACS_J0308.9+2645,0.356,0.001,212.76,0,70.07,0,1.43,7.37,0,20.6,0,?,,,<,9.55,0
MACS_J0329.6-0211,0.45,0,11.13,0,96.68,0,1.26,6.85,0,13,0,?,,,=,57.4,0
MACS_J0417.5-1154,0.443,0.001,27.08,0,99.69,0,1.42,11.3,0,38.2,0,?,,,=,235,0
MACS_J0429.6-0253,0.399,0,17.17,0,88.87,0,1.23,6.76,0,11.7,0,?,,,=,866,0
MACS_J0520.7-1328,0.3398,0,88.59,0,84.92,0,1.2,6.27,0,9.63,0,?,,,=,397,0
MACS_J0547.0-3904,0.319,0.001,23.14,0,121.59,0,1.2,2.96,0,1.62,0,?,,,=,44.4,0
MACS_J0717.5+3745,0.548,0,220.15,0,160.08,0,0.76,10.5,0,46.9,0,?,,,<,33.5,0
MACS_J0744.8+3927,0.686,0,42.38,0,112.02,0,1.11,11.29,0,24.9,0,?,,,<,58,0
MACS_J1115.2+5320,0.439,0,292.28,0,27.56,0,1.73,8.03,0,14.3,0,?,,,<,19.6,0
MACS_J1115.8+0129,0.3521,0,14.76,0,107.65,0,1.31,9.26,0,1.49,0,?,,,=,6.67,0
MACS_J1131.8-1955,0.307,0,97.26,0,156.32,0,1.15,8.3,0,17.6,0,?,,,<,8.42,0
MACS_J1149.5+2223,0.544,0,280.69,0,33.13,0,1.47,8.4,0,2.53,0,?,,,<,2.38,0
MACS_J1206.2-0847,0.43984,0.00015,69.04,0,94.69,0,1.28,7.88,0,37.3,0,?,,,=,1270,0
MACS_J1311.0-0310,0.494,0,47.36,0,63.47,0,1.62,8,0,10.2,0,?,,,<,26,0
MACS_J1621.3+3810,0.461,0,20.08,0,129.83,0,1.18,7.53,0,11.6,0,?,,,=,77.5,0
MACS_J1931.8-2634,0.352,0,14.56,0,87.52,0,1.27,7.5,0,23.4,0,?,,,<,11.6,0
MACS_J2049.9-3217,0.3254,0,195.85,0,92.71,0,1.06,6.98,0,8.71,0,?,,,<,9.64,0
MACS_J2211.7-0349,0.27,0,165.49,0,78.26,0,1.59,10.51,0,22.2,0,?,,,<,6.26,0
MACS_J2214.9-1359,0.5026,0,297.7,0,171.96,0,1.46,8.8,0,24.2,0,?,,,<,27.1,0
MACS_J2228+2036,0.412,0,118.79,0,107.22,0,1,8.4,0,18.1,0,?,,,<,16.8,0
MACS_J2229.7-2755,0.324,0.001,12.39,0,74.97,0,1.36,5.5,0,9.6,0,?,,,=,27.9,0
MACS_J2245.0+2637,0.304,0,42.03,0,105.93,0,1.33,5.1,0,9.47,0,?,,,=,19.1,0
MKW_03s,0.045,0,23.94,0,131.08,0,0.96,3.5,0,1.14,0,=,1.69,0,=,0.588,0
MKW_04,0.0198,0,6.86,0,392.7,0,1.26,2.16,0,0.029,0,?,,,<,0.024,0
MKW_08,0.027,0,130.68,0,228.51,0,0.87,3.29,0,0.851,0,?,,,<,0.036,0
MS_0015.9+1609,0.541,0,162.07,0,64.17,0,1.29,9.9,0,33.2,0,?,,,<,32.4,0
MS_0116.3-0115,0.0452,0,12.77,0,220.8,0,0.63,1.84,0,,,?,,,=,0.167,0
MS_0440.5+0204,0.19,0,25.46,0,164.03,0,1.11,5.02,0,2.21,0,=,124,0,<,2.24,0
MS_0451.6-0305,0.5386,0,568.13,0,15.61,0,2.81,8.62,0,33.6,0,?,,,<,32.1,0
MS_0735.6+7421,0.216,0,15.96,0,106.79,0,1.14,5.45,0,7.65,0,=,124,0,=,31.8,0
MS_0839.8+2938,0.194,0,19.19,0,105.79,0,1.33,3.8,0,3.13,0,=,64.7,0,=,29.2,0
MS_0906.5+1110,0.163,0,104.23,0,97.32,0,1.15,8.1,0,4.69,0,<,6.38,0,<,2.01,0
MS_1006.0+1202,0.221,0,160.28,0,82.81,0,1.32,7.03,0,4.81,0,<,8.68,0,<,3.14,0
MS_1008.1-1224,0.301,0,97.62,0,262.05,0,0.76,7.47,0,8.53,0,<,19.7,0,<,8.04,0
MS_1455.0+2232,0.259,0,16.88,0,81.47,0,1.39,4.51,0,10.4,0,?,,,=,37.5,0
MS_2137.3-2353,0.313,0,14.68,0,89.85,0,1.39,6.3,0,11.4,0,?,,,=,13.4,0
MS_J1157.3+5531,0.081,0,5.93,0,277.01,0,1.45,2.91,0,0.124,0,?,,,<,0.444,0
NGC_507,0.0164,0,0,0,99.89,0,0.65,1.4,0,0.24,0,?,,,=,0.324,0
NGC_4636,0.0031,0,1.42,0,11962.07,0,1.96,0.66,0,,,?,,,=,0.014,0
NGC_5044,0.009,0,2.28,0,82.15,0,0.96,1.22,0,0.209,0,?,,,=,0.054,0
NGC_5813,0.0066,0,1.38,0,102.51,0,0.91,0.76,0,0.026,0,?,,,=,0.012,0
NGC_5846,0.0057,0,1.83,0,685.78,0,1.44,0.64,0,0.019,0,?,,,=,0.013,0
Ophiuchus,0.028,0,8.95,0,247.48,0,0.73,11.79,0,2.78,0,?,,,=,0.566,0
PKS_0745-191,0.1028,0,12.41,0,110.7,0,1.39,8.5,0,21.6,0,=,28,0,=,700,0
RBS_461,0.029,0,95.67,0,68.8,0,1.39,2.6,0,,,<,0.088,0,=,0.308,0
RBS_533,0.0123,0,2.22,0,164.34,0,1,1.29,0,,,<,0.016,0,=,0.061,0
RBS_797,0.3541,0.00062,19.49,0,97.67,0,1.67,6.43,0,26.3,0,?,,,=,102,0
RCS_J2327-0204,0.2,0,68.55,0,217.2,0,1.28,7.06,0,,,?,,,<,2.51,0
RXCJ0331.1-2100,0.188,0,11.4,0,134.1,0,1.3,4.61,0,,,?,,,=,147,0
RXC_J1023.8-2715,0.0963,0,20.86,0,255.29,0,1.45,8.43,0,,,?,,,?,,
RX_J0220.9-3829,0.2287,0,43,0,159.95,0,1.23,4.86,0,,,?,,,<,3.4,0
RX_J0232.2-4420,0.2836,0,44.62,0,166.53,0,1.16,7.84,0,18.3,0,?,,,<,12.6,0
RX_J0439+0520,0.208,0,14.92,0,95.47,0,1.19,4.63,0,3.61,0,=,68.7,0,=,89.5,0
RX_J0439.0+0715,0.244,0.001,66.75,0,129.57,0,1.06,6.5,0,9.56,0,<,6.65,0,<,4.34,0
RX_J0528.9-3927,0.2632,0,72.85,0,99.8,0,1.47,9.77,0,13.1,0,?,,,=,11.1,0
RX_J0647.7+7015,0.584,0,225.06,0,48.82,0,1.7,9.07,0,26.7,0,?,,,<,39.1,0
RX_J0819.6+6336,0.119,0,20.69,0,170.57,0,0.68,3.9,0,1.12,0,?,,,=,11,0
RX_J1000.4+4409,0.154,0,27.71,0,151.1,0,1.09,3.42,0,,,=,1.3,0,<,1.41,0
RX_J1022.1+3830,0.0491,0,51.6,0,194.76,0,1.04,3.04,0,,,?,,,<,0.124,0
RX_J1130.0+3637,0.06,0,29.93,0,149.6,0,1.14,2.02,0,,,?,,,<,0.188,0
RX_J1320.2+3308,0.036625,0.00026,8.8,0,140.28,0,1.28,1.01,0,,,=,0.212,0,=,2.24,0
RX_J1347.5-1145,0.451,0,12.45,0,179.86,0,1.06,10.88,0,101,0,?,,,=,384,0
RX_J1423.8+2404,0.545,0,10.23,0,119.91,0,1.27,5.92,0,16,0,?,,,=,106,0
RX_J1504.1-0248,0.215,0,13.08,0,95.58,0,1.5,8.9,0,34.9,0,?,,,=,90.2,0
RX_J1532.9+3021,0.345,0,16.93,0,76.31,0,1.51,5.44,0,21,0,=,473,0,=,101,0
RX_J1539.5-8335,0.0728,0,25.88,0,109.99,0,1.41,3.81,0,,,?,,,=,3.92,0
RX_J1720.1+2638,0.1599,0.00054,21.03,0,109.14,0,1.39,5.55,0,11.5,0,=,7.6,0,=,71.4,0
RX_J1720.2+3536,0.3913,0,24,0,94.44,0,1.42,5.65,0,13.1,0,?,,,=,107,0
RX_J1852.1+5711,0.1094,0,18.72,0,170.36,0,0.83,3.44,0,,,?,,,=,13.6,0
RX_J2129.6+0005,0.2341,0.00051,21.14,0,97.91,0,1.26,6.1,0,12.7,0,?,,,=,46.3,0
SC_1327-312,0.0531,0,64.57,0,160.82,0,0.81,3.53,0,3.16,0,?,,,<,0.145,0
Sersic_159-03,0.05563,0.00026,10.45,0,77.78,0,1.17,2.65,0,1.1,0,=,3.54,0,=,18.7,0
SS2B153,0.0186,0,1.12,0,71.35,0,0.8,0.8,0,,,?,,,=,0.216,0
UGC_03957,0.0341,0,12.88,0,175.07,0,0.98,2.96,0,,,?,,,=,1.23,0
UGC_12491,0.0174,0,2.99,0,148.48,0,1.12,0.87,0,,,?,,,=,0.02,0
ZwCl_1215.1+0400,0.077083,0.00018,163.23,0,131.29,0,1,3,0,3.52,0,?,,,<,0.378,0
ZwCl_1358.1+6245,0.328,0,20.67,0,97.97,0,1.43,7.2,0,12.5,0,=,129,0,<,7.8,0
ZwCl_1742.1+3306,0.0757,0,23.84,0,126.53,0,1.3,4.4,0,,,?,,,=,11.1,0
ZwCl_0847.2+3617,0.38,0,194.53,0,62.12,0,1.39,14.5,0,17.3,0,?,,,<,10.8,0
ZwCl_1021.0+0426,0.29,0,11.42,0,105.48,0,1.29,12.8,0,29.8,0,=,582,0,=,21,0
ZwCl_0949.6+5207,0.214,0.001,39.66,0,126,0,1.45,4.44,0,5.24,0,=,5.41,0,=,20.5,0
ZwCl_0857.9+2107,0.235,0,24.25,0,89.27,0,1.4,12.1,0,,,?,,,=,13,0
