#name,ROIout,D_A,asymm(A),asymm_err,clumpy(S),clump_err,concen(C),concen_err
1E0657_56,1.1945,910.236,0.229133131,0,0.210350638,0,2.762,0
2A_0335+096,0.15004,142.498,0.219488707,0,0.278490576,0,3.361,0
2PIGG_J0011.5-2850,0.57256,294.75,0.825882379,0,0.786450945,0,2.9557,0
2PIGG_J2227.0-3041,0.2229,286.156,,,,,,
3C_28.0,0.39882,667.727,,,,,,
3C_295,0.49506,1208.818,,,,,,
3C_388,0.26937,352.185,,,,,,
4C_55.16,0.67971,787.317,0.345055255,0,0.378605649,0,4.8574,0
ABELL_13,0.47337,360.062,,,,,,
ABELL_68,0.64703,817.373,,,,,,
ABELL_85,0.25077,223.473,0.214443268,0,0.245873901,0,3.3141,0
ABELL_119,0.49149,179.465,0.872228044,0,0.78330639,0,1.8889,0
ABELL_133,0.13818,223.473,0.201734497,0,0.243837629,0,3.4304,0
ABELL_141,1.0902,757.871,,,,,,
ABELL_160,0.41577,181.387,0.848863444,0,0.752117234,0,2.1468,0
ABELL_193,0.19181,195.922,0.723783456,0,0.645812406,0,2.1227,0
ABELL_209,0.59214,696.481,,,,,,
ABELL_222,0.70631,714.739,,,,,,
ABELL_223,0.77063,699.108,,,,,,
ABELL_262,0.08214,68.848,0.172889423,0,0.173245183,0,3.1359,0
ABELL_267,0.59656,757.871,,,,,,
ABELL_368,0.57958,732.704,,,,,,
ABELL_370,0.80621,1064.286,0.329507669,0,0.148930533,0,2.2029,0
ABELL_383,0.29661,645.685,,,,,,
ABELL_399,0.50298,281.48,0.717690514,0,0.532276785,0,2.251,0
ABELL_400,0.24302,99.832,0.85961693,0,0.749414864,0,2.0604,0
ABELL_401,0.50156,291.891,0.588465168,0,0.51880351,0,2.5703,0
ABELL_426,0.11634,75.009,0.094374334,0,0.026797789,0,2.4453,0
ABELL_478,0.66073,340.461,0.101002997,0,0.266853264,0,3.7309,0
ABELL_496,0.08034,135.002,0.296530553,0,0.258178944,0,2.811,0
ABELL_520,0.76915,685.915,0.582924348,0,0.46997926,0,2.2009,0
ABELL_521,0.80086,814.312,,,,,,
ABELL_539,0.31386,119.109,0.79069453,0,0.728207897,0,2.4012,0
ABELL_562,0.33336,413.692,,,,,,
ABELL_576,0.17923,157.386,0.507851729,0,0.356569728,0,2.0605,0
ABELL_586,0.33077,600.624,,,,,,
ABELL_611,0.68594,892.971,,,,,,
ABELL_644,0.5111,274.981,0.456757303,0,0.465975709,0,3.1019,0
ABELL_665,0.86895,628.81,0.737640005,0,0.597581466,0,3.0744,0
ABELL_697,0.80997,879.813,,,,,,
ABELL_744,0.21878,286.156,,,,,,
ABELL_754,0.3954,217.851,0.529350435,0,0.230652203,0,2.3032,0
ABELL_773,1.0079,725.04,,,,,,
ABELL_907,0.81219,547.316,0.165700916,0,0.382522313,0,4.3146,0
ABELL_963,0.61824,695.429,0.329079364,0,0.43658851,0,3.5073,0
ABELL_1060,0.05611,52.724,0.589242148,0,0.432737961,0,1.9146,0
ABELL_1063S,1.0116,1026.408,,,,,,
ABELL_1068,0.44977,501.275,0.177433375,0,0.428590213,0,4.4498,0
ABELL_1201,0.47671,594.335,0.533226994,0,0.449484075,0,2.5778,0
ABELL_1204,0.3441,599.483,,,,,,
ABELL_1240,0.82637,565.925,,,,,,
ABELL_1361,0.15671,436.849,,,,,,
ABELL_1413,0.37955,516.906,0.240819865,0,0.280004364,0,2.9965,0
ABELL_1423,0.85648,714.739,,,,,,
ABELL_1446,0.53441,392.149,0.683463072,0,0.551218695,0,2.4521,0
ABELL_1569,0.42019,288.309,,,,,,
ABELL_1576,1.0478,873.166,,,,,,
ABELL_1644,0.29352,190.582,0.49236086,0,0.339742858,0,4.133,0
ABELL_1650,0.27938,326.546,0.306761051,0,0.342380332,0,2.9351,0
ABELL_1651,0.29836,325.497,,,,,,
ABELL_1664,0.40509,470.395,0.197726373,0,0.381968867,0,4.1383,0
ABELL_1689,0.91681,637.969,0.193761265,0,0.407164148,0,3.9,0
ABELL_1736,0.27198,138.952,0.87910509,0,0.792944945,0,1.9768,0
ABELL_1758,0.70369,873.61,0.626124488,0,0.391144995,0,2.067,0
ABELL_1763,0.9985,644.311,,,,,,
ABELL_1795,0.37941,248.339,0.174163149,0,0.282930966,0,3.5662,0
ABELL_1835,0.5992,814.077,0.107111583,0,0.397616994,0,4.5165,0
ABELL_1914,0.49693,601.194,0.577614511,0,0.451247835,0,2.6242,0
ABELL_1942,0.99722,742.841,,,,,,
ABELL_1991,0.19979,234.285,0.22489264,0,0.387752573,0,4.0085,0
ABELL_1995,0.98881,957.34,,,,,,
ABELL_2029,0.50015,299.029,0.086967109,0,0.163227738,0,3.6278,0
ABELL_2034,0.89347,423.524,0.618669664,0,0.525810067,0,2.9767,0
ABELL_2052,0.12345,144.858,0.158256947,0,0.105196963,0,3.1697,0
ABELL_2063,0.28889,144.072,0.625354551,0,0.597354107,0,2.86,0
ABELL_2065,0.54079,286.515,,,,,,
ABELL_2069,0.49738,433.287,0.699404506,0,0.52641726,0,1.8889,0
ABELL_2104,0.34414,555.325,0.39122389,0,0.292311012,0,2.2357,0
ABELL_2107,0.25193,167.495,0.642691451,0,0.585662864,0,2.7895,0
ABELL_2111,0.83582,757.871,,,,,,
ABELL_2124,0.14931,260.44,,,,,,
ABELL_2125,0.78485,798.151,,,,,,
ABELL_2142,0.40005,345.645,0.240745317,0,0.182897019,0,2.7937,0
ABELL_2147,0.19871,146.036,0.795147638,0,0.663442312,0,1.9339,0
ABELL_2151,0.07518,149.959,,,,,,
ABELL_2163,0.59969,596.34,0.324471459,0,0.259193735,0,2.5886,0
ABELL_2187,0.41077,635.201,,,,,,
ABELL_2199,0.10439,123.893,0.216142151,0,0.207085141,0,2.5889,0
ABELL_2204,1.0463,546.423,0.099468742,0,0.354535347,0,5.5897,0
ABELL_2218,0.77771,601.479,0.540983357,0,0.473428877,0,3.1694,0
ABELL_2219,0.65352,746.869,0.341977944,0,0.320693589,0,2.57,0
ABELL_2244,0.31865,369.255,0.186067864,0,0.230121104,0,2.8243,0
ABELL_2255,0.72598,313.204,0.799339355,0,0.722598697,0,2.2309,0
ABELL_2256,0.50052,231.31,0.756298893,0,0.609340976,0,1.9699,0
ABELL_2259,0.79216,580.501,,,,,,
ABELL_2261,0.49519,742.841,,,,,,
ABELL_2294,0.59839,620.423,,,,,,
ABELL_2319,0.50881,224.969,0.729036375,0,0.669134867,0,2.4372,0
ABELL_2384,0.65721,361.769,0.650112706,0,0.613657702,0,3.7919,0
ABELL_2390,0.55773,758.12,0.13149739,0,0.220420251,0,3.5765,0
ABELL_2409,0.40361,532.953,,,,,,
ABELL_2420,0.68111,327.594,,,,,,
ABELL_2462,0.5041,289.026,,,,,,
ABELL_2537,0.3554,908.095,,,,,,
ABELL_2554,0.59495,414.678,,,,,,
ABELL_2556,0.25196,333.172,0.339398019,0,0.461180342,0,3.5526,0
ABELL_2589,0.11704,169.045,0.573845726,0,0.417986612,0,2.0996,0
ABELL_2597,0.09086,330.386,0.069344754,0,0.073665512,0,2.5644,0
ABELL_2626,0.20681,229.074,0.456621469,0,0.492260975,0,3.2061,0
ABELL_2631,1.0031,870.717,,,,,,
ABELL_2657,0.35239,164.003,0.833166745,0,0.773130005,0,2.8941,0
ABELL_2667,0.40074,757.871,,,,,,
ABELL_2717,0.33074,192.11,,,,,,
ABELL_2744,1.3256,935.549,0.539328933,0,0.398231805,0,2.8687,0
ABELL_2813,0.67167,902.506,,,,,,
ABELL_3084,0.48995,372.645,,,,,,
ABELL_3088,0.78155,814.548,,,,,,
ABELL_3112,0.24739,282.92,0.223066883,0,0.369388106,0,3.7509,0
ABELL_3120,0.1885,272.084,,,,,,
ABELL_3158,0.47754,231.682,0.598118938,0,0.517848332,0,2.5214,0
ABELL_3266,0.19948,235.399,0.593409767,0,0.345947954,0,2.0252,0
ABELL_3364,0.9626,534.156,,,,,,
ABELL_3376,0.45018,184.842,,,,,,
ABELL_3391,0.46321,224.221,0.855923625,0,0.796567733,0,2.3487,0
ABELL_3395,0.20111,205.411,,,,,,
ABELL_3528S,0.12206,212.962,,,,,,
ABELL_3558,0.17141,194.017,0.536170843,0,0.387280676,0,2.2843,0
ABELL_3562,0.14948,197.824,,,,,,
ABELL_3571,0.28599,159.725,,,,,,
ABELL_3581,0.10849,90.922,0.857759135,0,0.642766778,0,3.4139,0
ABELL_3667,0.29788,222.724,0.213339871,0,0.078185314,0,2.1132,0
ABELL_3822,0.54977,296.891,,,,,,
ABELL_3827,0.61858,375.013,,,,,,
ABELL_3921,0.76756,355.615,0.733652606,0,0.654873261,0,2.9011,0
ABELL_4038,0.20133,123.893,0.498021975,0,0.467994065,0,2.9113,0
ABELL_4059,0.22248,192.11,0.203302104,0,0.20230496,0,2.7864,0
ABELL_S0405,0.26217,243.914,,,,,,
ABELL_S0592,0.49451,736.77,,,,,,
AC_114,0.9974,943.834,0.538921603,0,0.487146544,0,2.9371,0
AWM7,0.07918,72.136,0.328780895,0,0.177233002,0,2.23,0
CENTAURUS,0.06374,46.065,0.155627115,0,0.076630036,0,3.3861,0
CID_0072,0.24908,141.317,0.351136681,0,0.406327705,0,3.5504,0
CL_J1226.9+3332,0.85486,1601.738,,,,,,
CYGNUS_A,0.15663,224.595,0.799651312,0,0.215229323,0,3.3712,0
ESO_3060170,0.10865,146.822,,,,,,
ESO_5520200,0.10371,129.457,,,,,,
EXO_0422-086,0.1484,162.06,,,,,,
HCG_0062,0.04983,61.425,0.333121326,0,0.381654842,0,3.6815,0
HCG_42,0.0361,56.044,,,,,,
HERCULES_A,0.40503,551.475,0.141192832,0,0.258657635,0,3.0384,0
HYDRA_A,0.29857,220.102,0.081477542,0,0.159946337,0,3.7727,0
M49,0.00907,14.076,0.18920329,0,0.306022676,0,4.2359,0
M87,0.05432,18.743,0.491454544,0,0.07288674,0,3.3472,0
MACS_J0011.7-1523,0.47394,1037.572,,,,,,
MACS_J0035.4-2015,0.79555,1045.662,,,,,,
MACS_J0159.8-0849,0.69858,1116.607,,,,,,
MACS_J0242.5-2132,0.50089,947.948,,,,,,
MACS_J0257.1-2325,0.79365,1266.114,,,,,,
MACS_J0257.6-2209,0.99683,965.024,,,,,,
MACS_J0308.9+2645,1.0002,968.239,,,,,,
MACS_J0329.6-0211,1.0013,1187.935,,,,,,
MACS_J0417.5-1154,0.67771,1172.711,,,,,,
MACS_J0429.6-0253,0.50584,1106.531,,,,,,
MACS_J0520.7-1328,1.0087,999.37,,,,,,
MACS_J0547.0-3904,0.49132,706.95,,,,,,
MACS_J0717.5+3745,1.1911,1320.044,,,,,,
MACS_J0744.8+3927,0.98998,1461.894,,,,,,
MACS_J1115.2+5320,0.84601,1171.169,,,,,,
MACS_J1115.8+0129,0.86051,1022.841,,,,,,
MACS_J1131.8-1955,0.79534,933.466,,,,,,
MACS_J1149.5+2223,1.301,1315.215,,,,,,
MACS_J1206.2-0847,1.0019,1172.711,,,,,,
MACS_J1311.0-0310,0.69392,1250.934,,,,,,
MACS_J1621.3+3810,0.49317,1204.284,,,,,,
MACS_J1931.8-2634,0.49163,1022.652,,,,,,
MACS_J2049.9-3217,1.0031,971.043,,,,,,
MACS_J2211.7-0349,0.90056,852.949,,,,,,
MACS_J2214.9-1359,1.0044,1262.523,,,,,,
MACS_J2228+2036,1.0046,1128.189,,,,,,
MACS_J2229.7-2755,0.48846,968.239,,,,,,
MACS_J2245.0+2637,0.70454,927.189,,,,,,
MKW3S,0.39,182.54,0.292766524,0,0.376629734,0,3.4722,0
MKW_04,0.04925,82.78,0.406193056,0,0.350303156,0,3.6881,0
MKW_08,0.25106,111.906,0.854137463,0,0.760758732,0,2.1558,0
MS_0015.9+1609,0.60682,1311.563,,,,,,
MS_0116.3-0115,0.10067,183.307,,,,,,
MS_0440.5+0204,0.36011,653.624,,,,,,
MS_0451.6-0305,0.78923,1308.623,,,,,,
MS_0735.6+7421,0.39851,722.474,,,,,,
MS_0839.8+2938,0.30529,664.488,,,,,,
MS_0906.5+1110,0.4978,577.599,,,,,,
MS_1006.0+1202,0.59628,735.247,,,,,,
MS_1008.1-1224,0.79601,920.868,,,,,,
MS_1455.0+2232,0.49504,827.666,0.215480622,0,0.362182764,0,4.0926,0
MS_2137.3-2353,0.54523,945.894,,,,,,
MS_J1157.3+5531,0.31611,314.966,0.621080739,0,0.575902685,0,4.9157,0
NGC_0507,0.05996,68.848,0.655669402,0,0.4707212,0,2.453,0
NGC_4636,0.02414,13.226,0.203519615,0,0.354151237,0,3.9065,0
NGC_5044,0.0473,38.123,0.434447274,0,0.292741202,0,2.5361,0
NGC_5813,0.02408,28.039,0.299714246,0,0.347490147,0,3.0325,0
NGC_5846,0.02602,24.242,0.446261873,0,0.374707609,0,2.6073,0
OPHIUCHUS,0.10126,115.911,0.137611809,0,0.002907295,0,2.1726,0
PKS_0745-191,0.50045,389.809,0.072191988,0,0.183856687,0,3.7932,0
RBS_0461,0.24842,119.907,0.845229227,0,0.764738173,0,2.734,0
RBS_0533,0.05943,51.893,0.236374519,0,0.258541485,0,3.596,0
RBS_0797,0.5428,1026.408,,,,,,
RCS_J2327-0204,0.30983,680.596,,,,,,
RXCJ0331.1-2100,0.19407,648.155,,,,,,
RXC_J1023.8-2715,0.32539,367.897,0.18581872,0,0.414937029,0,4.6299,0
RX_J0220.9-3829,0.48848,754.632,,,,,,
RX_J0232.2-4420,0.59367,883.339,,,,,,
RX_J0439+0520,0.336,701.728,,,,,,
RX_J0439.0+0715,0.78131,757.871,,,,,,
RX_J0528.9-3927,0.57796,837.395,,,,,,
RX_J0647.7+7015,0.82182,1361.559,,,,,,
RX_J0819.6+6336,0.31784,442.981,,,,,,
RX_J1000.4+4409,0.39578,551.179,,,,,,
RX_J1022.1+3830,0.08993,198.204,,,,,,
RX_J1130.0+3637,0.19989,239.107,,,,,,
RX_J1320.2+3308,0.17183,149.959,0.776338547,0,0.622682992,0,3.957,0
RX_J1347.5-1145,1.0026,1189.438,,,,,,
RX_J1423.8+2404,0.79403,1316.426,,,,,,
RX_J1504.1-0248,0.59562,719.902,0.083758239,0,0.373581268,0,4.3745,0
RX_J1532.9+3021,0.4885,1009.373,,,,,,
RX_J1539.5-8335,0.23899,285.796,,,,,,
RX_J1720.1+2638,0.55971,580.501,0.237408984,0,0.423244237,0,4.1678,0
RX_J1720.2+3536,0.60533,1093.397,,,,,,
RX_J1852.1+5711,0.34457,411.717,,,,,,
RX_J2129.6+0005,0.591,770.239,,,,,,
SC_1327-312,0.24916,213.339,,,,,,
SERSIC_159-03,0.16979,231.682,0.325194721,0,0.417304832,0,3.1756,0
SS2B153,0.07656,77.876,0.298607719,0,0.503193709,0,4.3622,0
UGC_03957,0.24085,140.134,,,,,,
UGC_12491,0.08983,72.958,0.504001067,0,0.542956892,0,4.1107,0
ZWCL_1215,0.63152,293.679,0.875864076,0,0.830402926,0,2.6042,0
ZWCL_1358+6245,0.68016,976.227,,,,,,
ZWCL_1742,0.34676,296.178,,,,,,
ZWCL_1953,0.7747,1073.701,,,,,,
ZWCL_3146,0.39246,897.317,,,,,,
ZWICKY_2701,0.45743,706.95,,,,,,
ZwCl_0857.9+2107,0.443,770.239,,,,,,