#Name,Rin (Mpc),Rout (Mpc),nelec (cm^-3),neerr cm^-3),Kitpl (keV cm^2),Kflat (keV cm^2),Kerr (keV cm^2),Pitpl (dyne cm^-2),Pflat (dyne cm^-2),Perr (dyne cm^-2),Mgrav (M_solar),Merr (M_solar),Tx (keV),Txerr (keV),Lambda (ergs cm^3/s),tcool5/2 (Gyr),t52err (Gyr),tcool3/2 (Gyr),t32err (Gyr)
1E0657_56,2.10E-02,4.19E-02,0.0076534,0.000097181,295.18,308.48,44.873,1.42E-10,1.49E-10,2.16E-11,-4.88E+12,-5.43E+11,12.072,1.783,2.91E-23,15.841,2.3482,9.5045,1.4089
2A_0335+096,1.96E-02,2.28E-02,0.042631,0.00077379,17.884,17.884,0.5157,1.51E-10,1.51E-10,4.80E-12,1.71E+12,3.29E+10,2.2043,0.058216,1.79E-23,0.84482,0.027073,0.50689,0.016244
2PIGG_J0011.5-2850,2.11E-02,2.82E-02,0.0041613,0.0016675,174.84,198.67,50.547,3.05E-11,3.47E-11,1.27E-11,3.40E+12,2.75E+11,5.14,0.5,2.09E-23,17.234,7.1063,10.34,4.2638
2PIGG_J2227.0-3041,1.97E-02,2.62E-02,0.014992,0.00029238,29.838,33.224,1.6899,4.41E-11,4.91E-11,2.58E-12,1.55E+12,6.28E+10,2.0262,0.10083,1.69E-23,2.3292,0.12449,1.3975,0.074694
3C_28.0,1.53E-02,3.07E-02,0.022502,0.00015355,35.337,37.639,2.0139,1.03E-10,1.09E-10,5.87E-12,3.43E+12,1.43E+11,3,0.16,1.80E-23,2.1597,0.11612,1.2958,0.069673
3C_295,2.91E-02,5.82E-02,0.03273,0.00037089,34.548,34.548,3.3584,4.50E-10,4.50E-10,1.05E-10,8.60E+12,6.11E+11,3.7569,0.38106,1.91E-23,1.7574,0.17936,1.0544,0.10762
3C_388,1.68E-02,2.53E-02,0.0059319,0.00041603,100,100.4,7.6885,3.15E-11,3.16E-11,2.93E-12,2.98E+12,1.34E+11,3.29,0.2,2.16E-23,7.5134,0.69734,4.508,0.4184
4C_55.16,1.89E-02,3.78E-02,0.017098,0.00051801,49.806,49.806,3.2915,9.16E-11,9.16E-11,6.39E-12,3.09E+12,1.42E+11,3.0868,0.17946,2.00E-23,2.6392,0.17302,1.5835,0.10381
ABELL_0013,1.72E-02,2.58E-02,0.0063929,0.00068592,194.55,194.55,29.824,6.94E-11,6.94E-11,1.20E-11,1.55E+12,1.54E+11,6.3461,0.85076,2.37E-23,12.234,2.1008,7.3406,1.2605
ABELL_0068,1.96E-02,3.92E-02,0.011182,0.0024254,261.69,261.69,96.559,2.37E-10,2.37E-10,9.55E-11,1.00E+13,2.49E+12,12.02,3.9417,2.9023E-23,10.812,4.2509,6.4873,2.5505
ABELL_0085,2.05E-02,2.56E-02,0.025719,0.00040352,41.432,41.432,1.4296,1.50E-10,1.50E-10,5.48E-12,3.20E+12,7.70E+10,3.8792,0.13625,2.02E-23,2.1789,0.083818,1.3073,0.050291
ABELL_0119,1.71E-02,2.57E-02,0.0027541,0.00077143,265.09,286.03,58.162,2.32E-11,2.51E-11,7.04E-12,1.10E+12,9.30E+10,5.62,0.6,2.32E-23,25.665,7.6931,15.399,4.6159
ABELL_0133,2.05E-02,2.56E-02,0.017686,0.00043034,35.319,35.319,1.2283,6.87E-11,6.87E-11,2.69E-12,1.75E+12,3.95E+10,2.631,0.083759,2.04E-23,2.1336,0.085492,1.2802,0.051296
ABELL_0141,1.82E-02,3.63E-02,0.005612,0.0018776,141.89,193.16,45.902,9.78E-11,1.33E-10,9.58E-11,-2.84E+12,-4.87E+11,6.1,1.05,1.84E-23,17.211,6.4756,10.327,3.8854
ABELL_0160,2.17E-02,2.60E-02,0.0021759,0.00046216,179.93,179.93,27.607,1.07E-11,1.07E-11,2.35E-12,7.88E+11,3.42E+10,2.7374,0.18665,1.62E-23,22.737,5.072,13.642,3.0432
ABELL_0193,1.87E-02,2.34E-02,0.0050615,0.00061086,185.98,185.98,29.758,1.08E-10,1.08E-10,4.75E-11,5.58E+11,5.66E+10,5.0616,0.59377,1.99E-23,14.665,2.4682,8.7988,1.4809
ABELL_0209,1.60E-02,3.20E-02,0.011879,0.00015394,137.03,142.14,18.286,1.37E-10,1.42E-10,1.84E-11,2.21E+12,2.16E+11,7.4,0.95,2.28E-23,7.9618,1.0273,4.7771,0.61639
ABELL_0222,1.64E-02,3.29E-02,0.0049036,0.00037938,142.57,145.52,17.867,3.27E-11,3.34E-11,4.51E-12,1.26E+12,1.05E+11,4.2,0.47,1.87E-23,13.406,1.8238,8.0436,1.0943
ABELL_0223,1.68E-02,3.35E-02,0.0043547,0.0013774,211.42,211.42,51.42,3.98E-11,3.98E-11,1.35E-11,3.56E+12,3.16E+11,5.5532,0.7181,2.16E-23,17.25,5.8948,10.35,3.5369
ABELL_0262,1.97E-02,2.14E-02,0.0070719,0.00022393,68.247,68.247,20.232,2.88E-11,2.88E-11,8.57E-12,1.63E+12,3.54E+11,2.5053,0.68318,1.97E-23,5.2444,1.4397,3.1466,0.86383
ABELL_0267,1.81E-02,3.62E-02,0.007571,0.00026641,169.87,170.14,28.036,8.03E-11,8.05E-11,1.34E-11,9.21E+11,1.10E+11,6.56,1.07,2.35E-23,10.765,1.7962,6.4587,1.0777
ABELL_0368,1.76E-02,3.51E-02,0.016942,0.00024486,77.098,80.045,9.8819,1.40E-10,1.45E-10,1.80E-11,4.83E+12,4.53E+11,5.28,0.65,2.19E-23,4.1597,0.5156,2.4958,0.30936
ABELL_0370,2.56E-02,5.12E-02,0.0044181,0.0012161,384.7,384.7,104.89,1.78E-10,1.78E-10,1.46E-10,3.02E+12,4.46E+11,10.12,2.1284,3.00E-23,22.319,7.7315,13.391,4.6389
ABELL_0383,1.48E-02,2.97E-02,0.045562,0.00053443,24.05,24.05,1.7411,2.26E-10,2.26E-10,1.65E-11,2.39E+12,1.26E+11,3.2072,0.24343,1.99E-23,1.0351,0.079494,0.62105,0.047697
ABELL_0399,1.94E-02,2.58E-02,0.005298,0.00015277,225,235.27,20.855,5.87E-11,6.14E-11,5.58E-12,2.14E+12,1.42E+11,7.15,0.62,2.29E-23,17.208,1.5725,10.325,0.94349
ABELL_0400,1.91E-02,2.14E-02,0.0019629,0.00012902,165.25,165.25,10.907,8.24E-12,8.24E-12,6.77E-13,4.53E+10,1.64E+09,2.503,0.14539,1.90E-23,19.617,1.7208,11.77,1.0325
ABELL_0401,2.01E-02,2.68E-02,0.00764,0.00020593,177.92,181.49,17.312,8.54E-11,8.71E-11,8.49E-12,1.26E+12,8.83E+10,7.04,0.66,2.32E-23,11.617,1.1333,6.9704,0.67995
ABELL_0426,1.97E-02,2.15E-02,0.047741,0.0003063,25.858,25.858,0.20683,2.63E-10,2.63E-10,2.45E-12,1.83E+12,9.09E+09,3.4017,0.021655,1.84E-23,1.1329,0.010239,0.67972,0.0061434
ABELL_0478,1.63E-02,2.44E-02,0.053025,0.0010745,33.85,33.85,1.9613,4.10E-10,4.10E-10,2.46E-11,3.71E+12,1.53E+11,4.6779,0.26564,2.02E-23,1.2763,0.076954,0.7658,0.046172
ABELL_0496,1.85E-02,2.16E-02,0.020525,0.00098446,39.652,39.652,3.0635,9.88E-11,9.88E-11,8.41E-12,2.10E+12,1.08E+11,2.9991,0.21239,1.91E-23,2.2296,0.1907,1.3377,0.11442
ABELL_0520,1.64E-02,3.29E-02,0.0035261,0.0014073,313.78,313.78,94.975,4.15E-11,4.15E-11,1.76E-11,2.02E+12,2.14E+11,7.1278,0.98994,2.29E-23,25.822,10.912,15.493,6.5471
ABELL_0521,1.95E-02,3.91E-02,0.0038055,0.00024352,229.5,289.23,42.976,3.45E-11,4.35E-11,6.66E-12,1.74E+12,2.33E+11,7.05,1.02,2.25E-23,24.082,3.8098,14.449,2.2859
ABELL_0539,1.99E-02,2.27E-02,0.0037963,0.00095688,117.49,122.45,21.231,1.76E-11,1.83E-11,4.58E-12,4.42E+12,2.15E+11,3.0596,0.20648,1.70E-23,13.848,3.6135,8.3091,2.1681
ABELL_0562,1.98E-02,2.97E-02,0.0026563,0.00084463,216.27,216.27,49.538,1.79E-11,1.79E-11,5.88E-12,1.54E+12,9.83E+10,3.7127,0.40442,1.85E-23,22.07,7.418,13.242,4.4508
ABELL_0576,1.88E-02,2.25E-02,0.0063756,0.00107,109.36,114.88,14.233,3.88E-11,4.08E-11,7.01E-12,4.18E+11,2.04E+10,4.0498,0.25208,2.00E-23,9.2518,1.6561,5.5511,0.99365
ABELL_0586,1.44E-02,2.88E-02,0.019841,0.0023626,101.26,101.26,13.603,2.39E-10,2.39E-10,3.84E-11,-5.37E+12,-4.27E+11,7.2689,0.81148,2.31E-23,4.6391,0.75722,2.7835,0.45433
ABELL_0611,2.14E-02,4.29E-02,0.00842,0.00046771,170.89,170.89,22.007,9.65E-11,9.65E-11,1.31E-11,6.91E+12,6.25E+11,6.9849,0.90169,2.36E-23,10.261,1.442,6.1564,0.86519
ABELL_0644,1.97E-02,2.63E-02,0.010988,0.0016035,157.43,157.43,20.927,1.38E-10,1.38E-10,2.38E-11,1.27E+12,8.43E+10,7.3914,0.62852,2.44E-23,8.0608,1.3615,4.8365,0.81691
ABELL_0665,1.51E-02,3.01E-02,0.010238,0.0019002,160.96,160.96,29.094,1.26E-10,1.26E-10,2.87E-11,-6.27E+11,-6.06E+10,7.5763,1,2.35E-23,9.1953,2.0942,5.5172,1.2565
ABELL_0697,2.03E-02,4.05E-02,0.010557,0.00030292,204.69,209.66,33.064,1.68E-10,1.73E-10,2.75E-11,9.49E+12,1.12E+12,10.09,1.58,2.83E-23,9.8482,1.5678,5.9089,0.94069
ABELL_0744,2.05E-02,2.74E-02,0.0040922,0.00027538,129.48,137.19,10.056,2.20E-11,2.33E-11,2.03E-12,2.09E+12,9.73E+10,3.51,0.21,1.90E-23,13.154,1.1844,7.8921,0.71064
ABELL_0754,2.08E-02,2.60E-02,0.0048821,0.0013283,321.61,321.61,71.807,7.32E-11,7.32E-11,2.21E-11,2.06E+12,1.96E+11,8.2612,0.97328,2.49E-23,19.826,5.8781,11.895,3.5269
ABELL_0773,1.74E-02,3.48E-02,0.0071385,0.0023063,273.02,273.02,73.781,1.17E-10,1.17E-10,4.24E-11,-3.85E+12,-4.61E+11,9.4053,1.4988,2.67E-23,14.414,5.1927,8.6486,3.1156
ABELL_0907,2.62E-02,3.93E-02,0.01253,0.00026661,86.168,86.168,6.602,9.44E-11,9.44E-11,7.38E-12,6.80E+12,3.75E+11,4.6811,0.35578,2.09E-23,5.2238,0.41229,3.1343,0.24737
ABELL_0963,1.67E-02,3.33E-02,0.013669,0.0013926,92.632,110.03,12.995,1.17E-10,1.39E-10,1.87E-11,5.68E+12,5.11E+11,6.29,0.65,2.37E-23,5.6636,0.82189,3.3982,0.49313
ABELL_1060,2.01E-02,2.14E-02,0.0065835,0.00054719,102.21,102.21,9.5475,9.19E-11,9.19E-11,2.47E-11,1.08E+12,5.95E+10,3.5423,0.2708,1.93E-23,8.1193,0.91689,4.8716,0.55014
ABELL_1063S,2.47E-02,4.94E-02,0.023239,0.0015212,189.48,189.48,30.533,5.81E-10,5.81E-10,9.78E-11,1.04E+13,1.18E+12,13.107,2.0803,3.07E-23,5.3596,0.92015,3.2158,0.55209
ABELL_1068,2.40E-02,3.60E-02,0.03086,0.00066023,33.618,33.618,2.3386,3.97E-10,3.97E-10,6.80E-11,5.19E+12,2.59E+11,3.3486,0.22681,1.82E-23,1.7386,0.1235,1.0432,0.074097
ABELL_1201,1.42E-02,2.85E-02,0.011579,0.001413,68.614,102.57,12.457,6.59E-11,9.85E-11,1.34E-11,2.03E+12,2.42E+11,5.25,0.57,1.96E-23,6.7463,1.1019,4.0478,0.66114
ABELL_1204,1.38E-02,2.75E-02,0.052448,0.0017018,23.409,23.409,1.5203,2.79E-10,2.79E-10,1.93E-11,2.09E+12,9.38E+10,3.3596,0.20768,1.85E-23,1.0091,0.070448,0.60544,0.042269
ABELL_1240,1.36E-02,2.71E-02,0.00092011,0.00026394,424.48,457.71,112.73,5.99E-12,6.45E-12,2.04E-12,2.33E+10,3.15E+09,4.33,0.74,1.66E-23,82.515,27.552,49.509,16.531
ABELL_1361,2.09E-02,3.13E-02,0.016011,0.0010739,40.863,48.485,5.8047,6.73E-11,7.99E-11,1.01E-11,3.05E+12,3.01E+11,3.08,0.35,1.62E-23,3.4578,0.45628,2.0747,0.27377
ABELL_1413,2.37E-02,3.56E-02,0.017531,0.00041935,89.969,90.687,7.6923,1.72E-10,1.74E-10,1.51E-11,6.08E+12,3.75E+11,6.5444,0.66313,2.37E-23,4.6022,0.47915,2.7613,0.28749
ABELL_1423,1.71E-02,3.43E-02,0.01411,0.00078606,82.669,92.821,14.542,1.10E-10,1.24E-10,1.99E-11,2.63E+12,3.31E+11,5.42,0.83,2.11E-23,5.322,0.86724,3.1932,0.52034
ABELL_1446,1.88E-02,2.81E-02,0.0037235,0.000912,224.12,224.12,43.948,3.25E-11,3.25E-11,8.70E-12,2.39E+12,1.90E+11,4.8142,0.52587,2.10E-23,18.001,4.8277,10.801,2.8966
ABELL_1569,2.07E-02,2.76E-02,0.0021117,0.00037637,219.43,219.43,29.788,1.24E-11,1.24E-11,2.35E-12,7.21E+11,3.47E+10,3.1818,0.25243,1.53E-23,28.776,5.6142,17.266,3.3685
ABELL_1576,2.10E-02,4.19E-02,0.0088801,0.0022271,202.87,213.14,65.244,3.00E-10,3.16E-10,2.68E-10,-2.75E+12,-5.53E+11,9.14,2.39,2.46E-23,12.199,4.4198,7.3192,2.6519
ABELL_1644,1.82E-02,2.28E-02,0.0094602,0.0005219,55.891,55.891,3.9333,3.83E-11,3.83E-11,3.12E-12,2.25E+12,9.89E+10,2.7749,0.17749,1.94E-23,4.4188,0.37324,2.6513,0.22395
ABELL_1650,2.34E-02,3.12E-02,0.01546,0.00098081,85.381,85.381,11.754,1.33E-10,1.33E-10,1.93E-11,3.66E+12,3.52E+11,5.3461,0.73652,2.18E-23,4.6409,0.7039,2.7845,0.42234
ABELL_1651,2.24E-02,2.98E-02,0.008829,0.00048251,155.51,156.84,18.895,9.50E-11,9.58E-11,1.22E-11,2.83E+12,2.41E+11,6.7,0.77,2.43E-23,9.1215,1.1608,5.4729,0.69647
ABELL_1664,2.25E-02,3.38E-02,0.021167,0.00035835,36.187,36.187,2.5164,9.50E-11,9.50E-11,6.71E-12,3.10E+12,1.56E+11,2.7629,0.19,1.77E-23,2.156,0.15269,1.2936,0.091612
ABELL_1689,1.53E-02,3.06E-02,0.0335,0.0010742,92.133,92.133,8.0784,5.20E-10,5.20E-10,4.72E-11,2.42E+12,1.51E+11,9.135,0.8496,2.70E-23,2.9463,0.28985,1.7678,0.17391
ABELL_1736,1.99E-02,2.65E-02,0.0030701,0.00063281,177.36,177.36,27.973,1.86E-11,1.86E-11,4.10E-12,9.89E+11,5.61E+10,3.588,0.29,1.62E-23,21.097,4.6709,12.658,2.8026
ABELL_1758,2.01E-02,4.02E-02,0.0051292,0.00016112,179.67,271.33,43.871,4.44E-11,6.71E-11,1.09E-11,3.30E+12,5.89E+11,8.07,1.3,2.39E-23,19.225,3.1553,11.535,1.8932
ABELL_1763,1.54E-02,3.09E-02,0.006234,0.0023011,258.96,258.96,69.753,8.86E-11,8.86E-11,3.41E-11,-2.13E+12,-1.71E+11,8.4758,1.0383,2.48E-23,15.977,6.2136,9.5861,3.7281
ABELL_1795,2.27E-02,2.83E-02,0.026506,0.00036361,45.091,45.091,2.6833,1.72E-10,1.72E-10,1.04E-11,2.89E+12,1.24E+11,3.994,0.24301,1.95E-23,2.2588,0.14088,1.3553,0.08453
ABELL_1835,1.87E-02,3.75E-02,0.080362,0.00057896,28.675,28.675,2.8923,6.95E-10,6.95E-10,7.02E-11,4.05E+12,2.99E+11,4.9553,0.44767,2.01E-23,0.89498,0.081111,0.53699,0.048666
ABELL_1914,1.38E-02,2.76E-02,0.017262,0.00031316,104.06,132.05,18.309,1.94E-10,2.47E-10,3.43E-11,7.22E+11,9.29E+10,8.82,1.22,2.68E-23,5.5706,0.77714,3.3424,0.46628
ABELL_1942,1.78E-02,3.56E-02,0.0062395,0.0009614,190.25,190.25,33.41,6.52E-11,6.52E-11,1.37E-11,5.18E+12,5.41E+11,6.1213,0.9133,2.24E-23,12.809,2.7473,7.6855,1.6484
ABELL_1991,2.16E-02,2.70E-02,0.013808,0.00049399,37.422,37.422,2.0489,4.82E-11,4.82E-11,2.93E-12,2.61E+12,9.42E+10,2.1919,0.11112,1.95E-23,2.374,0.1473,1.4244,0.088382
ABELL_1995,2.30E-02,4.60E-02,0.0048736,0.00030777,423.99,423.99,133.97,9.62E-11,9.62E-11,3.07E-11,8.18E+12,1.88E+12,10.704,3.0336,2.78E-23,23.038,6.6894,13.823,4.0137
ABELL_2029,2.06E-02,2.74E-02,0.03757,0.00021012,55.917,55.917,2.5759,3.82E-10,3.82E-10,1.77E-11,5.47E+12,1.84E+11,6.2461,0.28386,2.39E-23,2.0337,0.09312,1.2202,0.055872
ABELL_2034,2.33E-02,3.50E-02,0.0054132,0.00075108,227.54,240.03,31.199,6.15E-11,6.49E-11,1.06E-11,2.57E+12,1.91E+11,7.4,0.71,2.38E-23,16.743,2.8245,10.046,1.6947
ABELL_2052,2.08E-02,2.42E-02,0.018396,0.00024779,38.678,38.678,1.2361,8.03E-11,8.03E-11,2.69E-12,1.77E+12,3.98E+10,2.6499,0.082876,1.90E-23,2.2129,0.075357,1.3278,0.045214
ABELL_2063,2.06E-02,2.41E-02,0.010232,0.00026356,74.749,74.749,4.1915,5.84E-11,5.84E-11,3.46E-12,1.05E+12,4.12E+10,3.506,0.19932,1.94E-23,5.1473,0.32127,3.0884,0.19276
ABELL_2065,2.05E-02,2.74E-02,0.0094809,0.0010958,88.453,94.206,10.201,6.09E-11,6.48E-11,8.76E-12,3.51E+12,2.21E+11,4.2895,0.35418,1.98E-23,6.6586,0.94583,3.9952,0.5675
ABELL_2069,2.07E-02,3.11E-02,0.001786,0.00022658,397.74,423.9,65.656,1.69E-11,1.81E-11,3.22E-12,1.43E+12,1.48E+11,6.24,0.83,2.21E-23,46.171,8.4867,27.703,5.092
ABELL_2104,2.55E-02,3.82E-02,0.0071158,0.0004435,200.65,228.14,43.249,8.56E-11,9.73E-11,1.89E-11,8.55E+12,1.33E+12,8.5106,1.5958,2.38E-23,14.651,2.895,8.7907,1.737
ABELL_2107,2.00E-02,2.40E-02,0.0065566,0.00020834,106.37,108.48,6.6722,3.96E-11,4.04E-11,2.65E-12,1.99E+12,8.60E+10,4.1507,0.29572,2.21E-23,8.3547,0.65176,5.0128,0.39106
ABELL_2111,1.82E-02,3.63E-02,0.007752,0.0021255,184.92,184.92,55.516,9.10E-11,9.10E-11,3.30E-11,5.16E+12,9.00E+11,7.2142,1.8314,2.29E-23,11.839,4.4237,7.1033,2.6542
ABELL_2124,1.87E-02,2.49E-02,0.0042369,0.00035013,168.07,175.68,29.377,3.02E-11,3.16E-11,5.60E-12,2.30E+12,2.80E+11,4.6,0.73,2.10E-23,15.058,2.6943,9.0349,1.6166
ABELL_2125,1.91E-02,3.83E-02,0.0023489,0.00026749,229.79,229.79,29.132,1.55E-11,1.55E-11,2.36E-12,2.26E+11,1.69E+10,3.5546,0.38502,1.85E-23,23.891,3.7548,14.335,2.2529
ABELL_2142,1.98E-02,2.38E-02,0.019013,0.00056618,83.566,87.595,4.6572,1.83E-10,1.92E-10,1.10E-11,1.85E+12,7.05E+10,6.3342,0.33756,2.21E-23,4.4097,0.2692,2.6458,0.16152
ABELL_2147,2.09E-02,2.44E-02,0.0024875,0.00044728,262.4,262.4,40.579,1.94E-11,1.94E-11,3.97E-12,6.32E+11,4.53E+10,4.5141,0.42885,1.84E-23,28.863,5.8697,17.318,3.5218
ABELL_2151,2.15E-02,2.51E-02,0.0063619,0.00058655,63.319,65.533,5.4299,2.24E-11,2.32E-11,2.46E-12,1.57E+12,6.89E+10,2.2643,0.13226,1.76E-23,5.911,0.64514,3.5466,0.38708
ABELL_2163,1.43E-02,2.86E-02,0.0060674,0.00019374,475.51,478.26,279.15,1.55E-10,1.56E-10,9.14E-11,5.52E+12,2.37E+12,15.91,9.28,3.30E-23,23.208,13.557,13.925,8.1343
ABELL_2187,1.52E-02,3.04E-02,0.0037426,0.0018165,203.57,247.66,75.716,7.14E-11,8.69E-11,8.89E-11,1.28E+13,1.72E+12,5.97,0.9,2.26E-23,20.587,10.463,12.352,6.2779
ABELL_2199,2.07E-02,2.37E-02,0.018139,0.00086136,53.379,53.379,2.6777,1.08E-10,1.08E-10,6.65E-12,2.10E+12,5.99E+10,3.7927,0.15381,2.00E-23,3.0528,0.19064,1.8317,0.11438
ABELL_2204,2.62E-02,3.92E-02,0.053484,0.00036582,48.433,48.433,4.4904,1.43E-09,1.43E-09,3.19E-10,1.17E+13,7.92E+11,5.808,0.40967,2.30E-23,1.3777,0.097629,0.82659,0.058577
ABELL_2218,1.44E-02,2.88E-02,0.0062956,0.0018873,333.21,333.21,86.855,1.16E-10,1.16E-10,3.98E-11,-4.40E+11,-5.40E+10,9.9463,1.6086,2.62E-23,17.587,5.9903,10.552,3.5942
ABELL_2219,1.79E-02,3.58E-02,0.010266,0.0013282,505.35,505.35,147.68,3.97E-10,3.97E-10,1.22E-10,1.29E+13,2.64E+12,20.447,4.9053,3.86E-23,15.052,4.1026,9.0312,2.4616
ABELL_2244,1.77E-02,2.65E-02,0.016491,0.00090085,84.688,84.688,5.1845,1.47E-10,1.47E-10,1.08E-11,3.60E+12,1.30E+11,5.4388,0.27,2.14E-23,4.4926,0.33162,2.6955,0.19897
ABELL_2255,2.25E-02,2.99E-02,0.0020183,0.00017646,535.05,535.05,97.66,2.79E-11,2.79E-11,5.42E-12,1.66E+11,2.11E+10,8.1109,1.3044,2.37E-23,49.401,9.0427,29.641,5.4256
ABELL_2256,2.21E-02,2.76E-02,0.0028195,0.00021195,358.35,358.35,44.582,7.84E-11,7.84E-11,2.57E-11,1.44E+11,1.20E+10,6.8195,0.74983,2.31E-23,30.623,4.0788,18.374,2.4473
ABELL_2259,1.39E-02,2.78E-02,0.0074023,0.0028787,137.9,137.9,38.849,6.28E-11,6.28E-11,2.54E-11,1.70E+12,1.38E+11,5.2334,0.62927,2.05E-23,10.049,4.0904,6.0291,2.4542
ABELL_2261,1.71E-02,3.42E-02,0.025848,0.00034876,83.337,83.732,9.7519,3.05E-10,3.07E-10,3.58E-11,5.63E+12,4.82E+11,7.32,0.85,2.42E-23,3.4131,0.39899,2.0478,0.2394
ABELL_2294,1.43E-02,2.85E-02,0.010338,0.00034465,182.63,210.93,58.511,1.45E-10,1.68E-10,4.66E-11,5.38E+12,1.26E+12,10.01,2.77,2.82E-23,10.03,2.7956,6.018,1.6774
ABELL_2319,2.15E-02,2.69E-02,0.0061434,0.00024692,274.07,274.07,11.784,9.15E-11,9.15E-11,4.79E-12,9.97E+10,2.46E+09,9.0035,0.7775,2.87E-23,14.911,1.4203,8.9468,0.85219
ABELL_2384,1.73E-02,2.59E-02,0.011677,0.00098592,38.509,52.847,3.7898,3.75E-11,5.15E-11,4.38E-12,,,2.72,0.16,1.78E-23,3.8126,0.39234,2.2876,0.2354
ABELL_2390,1.74E-02,3.49E-02,0.035362,0.00029743,61.892,61.892,6.5808,3.82E-10,3.82E-10,4.07E-11,7.48E+12,5.83E+11,6.117,0.61858,2.25E-23,2.2401,0.22732,1.3441,0.13639
ABELL_2409,2.45E-02,3.67E-02,0.01176,0.00035975,109.33,112.74,18.505,1.08E-10,1.11E-10,1.84E-11,9.68E+12,1.19E+12,5.83,0.95,2.20E-23,6.5887,1.0924,3.9532,0.65543
ABELL_2420,2.35E-02,3.13E-02,0.0047058,0.0019736,360.52,360.52,134.02,1.85E-10,1.85E-10,2.16E-10,4.97E+11,8.92E+10,9.2853,2.0738,2.88E-23,20.013,9.5091,12.008,5.7055
ABELL_2462,2.07E-02,2.76E-02,0.0027585,0.00061688,157.06,157.06,28.473,1.38E-11,1.38E-11,3.40E-12,3.34E+11,2.53E+10,2.9276,0.29845,1.90E-23,16.342,4.0164,9.8052,2.4098
ABELL_2537,2.09E-02,4.18E-02,0.015885,0.0029285,128.98,131.51,24.375,2.10E-10,2.14E-10,4.90E-11,3.00E+12,3.16E+11,8.31,1.17,2.69E-23,5.6845,1.3186,3.4107,0.79119
ABELL_2554,1.98E-02,2.98E-02,0.0051301,0.0013762,239.7,239.7,55.114,5.93E-11,5.93E-11,1.81E-11,5.14E+12,5.45E+11,7.13,1.0054,2.17E-23,18.66,5.6549,11.196,3.3929
ABELL_2556,2.29E-02,3.05E-02,0.021158,0.00045302,37.413,37.413,2.5405,9.81E-11,9.81E-11,6.84E-12,3.27E+12,1.59E+11,2.9619,0.20611,1.75E-23,2.3317,0.16976,1.399,0.10186
ABELL_2589,2.02E-02,2.42E-02,0.0074923,0.0029673,96.361,96.361,29.026,4.48E-11,4.48E-11,1.89E-11,1.89E+12,2.01E+11,3.6403,0.61943,2.04E-23,6.9461,2.9941,4.1677,1.7965
ABELL_2597,2.27E-02,3.03E-02,0.035399,0.00057924,29.155,29.155,2.5724,1.80E-10,1.80E-10,1.61E-11,2.58E+12,1.65E+11,3.1708,0.26074,1.82E-23,1.4341,0.12024,0.86047,0.072145
ABELL_2626,2.19E-02,2.74E-02,0.011532,0.0007344,52.808,52.808,4.2543,5.04E-11,5.04E-11,4.71E-12,2.29E+12,1.15E+11,2.6919,0.18809,1.72E-23,3.9643,0.37479,2.3786,0.22487
ABELL_2631,2.09E-02,4.18E-02,0.0052568,0.00051519,322.32,322.32,69.773,8.30E-11,8.30E-11,1.90E-11,2.94E+11,4.45E+10,8.6731,1.7978,2.46E-23,19.614,4.497,11.768,2.6982
ABELL_2657,1.96E-02,2.35E-02,0.007005,0.0014779,109.52,109.52,17.079,4.55E-11,4.55E-11,1.01E-11,1.18E+12,5.81E+10,3.9842,0.27,2.06E-23,8.0494,1.7837,4.8296,1.0702
ABELL_2667,1.74E-02,3.49E-02,0.041077,0.00060327,32.447,33.683,3.2913,2.57E-10,2.67E-10,2.62E-11,3.93E+12,2.91E+11,4.2488,0.45229,2.17E-23,1.3921,0.14959,0.83526,0.089757
ABELL_2717,1.84E-02,2.29E-02,0.006825,0.00088944,66.705,68.092,6.9804,2.65E-11,2.71E-11,3.79E-12,1.49E+12,6.38E+10,2.45,0.14,1.98E-23,5.293,0.75319,3.1758,0.45192
ABELL_2744,2.25E-02,4.49E-02,0.0041016,0.0010885,336.43,438.27,91.48,1.37E-10,1.79E-10,1.11E-10,-3.30E+12,-4.99E+11,11.23,1.78,2.71E-23,29.478,9.1121,17.687,5.4673
ABELL_2813,2.17E-02,4.33E-02,0.0032713,0.00046166,298.16,348.96,74.462,3.48E-11,4.08E-11,9.44E-12,7.27E+12,1.23E+12,7.69,1.52,2.21E-23,31.108,7.5552,18.665,4.5331
ABELL_3084,1.78E-02,2.67E-02,0.0051227,0.00058783,147.17,147.17,21.427,3.63E-11,3.63E-11,6.13E-12,2.15E+12,1.96E+11,4.3598,0.53489,1.84E-23,13.539,2.2744,8.1235,1.3646
ABELL_3088,1.95E-02,3.91E-02,0.012133,0.00053755,73.707,111.93,9.5322,7.65E-11,1.16E-10,1.02E-11,3.21E+12,2.96E+11,5.91,0.49,2.19E-23,6.5023,0.61126,3.9014,0.36676
ABELL_3112,2.03E-02,2.70E-02,0.024797,0.00090482,42.235,42.235,3.3128,1.44E-10,1.44E-10,1.20E-11,3.49E+12,1.91E+11,3.6265,0.27175,2.04E-23,2.0891,0.17412,1.2534,0.10447
ABELL_3120,1.95E-02,2.60E-02,0.0053453,0.00041782,68.226,73.271,7.7347,1.81E-11,1.94E-11,2.30E-12,2.86E+12,2.11E+11,2.24,0.21,1.91E-23,6.419,0.78352,3.8514,0.47011
ABELL_3158,2.21E-02,2.77E-02,0.0062843,0.00025213,182.33,182.33,17.319,6.32E-11,6.32E-11,6.30E-12,1.15E+12,7.72E+10,5.8902,0.47114,2.26E-23,12.085,1.0814,7.2509,0.64885
ABELL_3266,2.16E-02,2.70E-02,0.0067298,0.00041808,213.18,225.28,38.616,8.28E-11,8.75E-11,1.55E-11,4.57E+12,5.92E+11,8.073,1.3694,2.44E-23,14.344,2.5911,8.6062,1.5546
ABELL_3364,2.56E-02,3.84E-02,0.0061691,0.0015553,277.91,277.91,87.622,2.24E-10,2.24E-10,1.98E-10,4.19E+12,8.21E+11,8.8259,2.2578,2.64E-23,15.796,5.6733,9.4773,3.404
ABELL_3376,2.21E-02,2.65E-02,0.0019855,0.00013882,287.59,287.59,26.038,1.46E-11,1.46E-11,1.53E-12,2.98E+11,1.69E+10,4.3739,0.31879,1.77E-23,36.315,3.6677,21.789,2.2006
ABELL_3391,2.14E-02,2.68E-02,0.0028367,0.00027195,371.4,371.4,47.054,3.42E-11,3.42E-11,4.97E-12,1.62E+10,1.30E+09,7.1372,0.84809,2.51E-23,29.296,4.4728,17.578,2.6837
ABELL_3395,1.96E-02,2.45E-02,0.0029692,0.0005608,225.58,255.59,39.938,2.24E-11,2.54E-11,5.07E-12,2.98E+11,2.72E+10,5.28,0.58,1.98E-23,26.268,5.7394,15.761,3.4437
ABELL_3528S,2.03E-02,2.54E-02,0.0089066,0.00081401,81.447,93.792,7.1304,5.05E-11,5.81E-11,5.60E-12,2.72E+12,1.26E+11,4.1184,0.23577,2.19E-23,6.1541,0.66368,3.6925,0.39821
ABELL_3558,1.85E-02,2.32E-02,0.0088161,0.001592,130.21,130.21,19.99,7.94E-11,7.94E-11,1.62E-11,1.11E+12,7.74E+10,5.4012,0.54353,2.23E-23,8.0103,1.656,4.8062,0.99357
ABELL_3562,1.81E-02,2.27E-02,0.0092274,0.00018836,98.318,102.29,8.5161,6.47E-11,6.73E-11,5.69E-12,1.14E+12,7.16E+10,4.5,0.37,2.06E-23,6.9109,0.58548,4.1465,0.35129
ABELL_3571,1.91E-02,2.29E-02,0.014234,0.00092542,122.42,122.42,13.344,3.98E-10,3.98E-10,1.14E-10,1.95E+12,1.43E+11,7.2566,0.74696,2.39E-23,6.2365,0.75928,3.7419,0.45557
ABELL_3581,1.95E-02,2.17E-02,0.012562,0.0010976,28.963,28.963,1.9643,3.19E-11,3.19E-11,2.99E-12,1.03E+12,2.61E+10,1.6395,0.062117,1.77E-23,2.1535,0.20509,1.2921,0.12305
ABELL_3667,2.13E-02,2.66E-02,0.0039265,0.00059164,209.89,216.97,22.163,3.32E-11,3.43E-11,5.12E-12,5.19E+11,1.24E+10,5.4068,0.1708,2.05E-23,19.622,3.021,11.773,1.8126
ABELL_3822,2.13E-02,2.84E-02,0.0043759,0.0030116,219.45,219.45,103.19,4.16E-11,4.16E-11,2.90E-11,4.75E+12,3.59E+11,5.6691,0.55644,1.96E-23,19.289,13.409,11.573,8.0456
ABELL_3827,1.79E-02,2.69E-02,0.0092599,0.001086,163.98,181.65,25.854,2.60E-10,2.88E-10,1.13E-10,2.83E+12,2.84E+11,8.0114,0.99021,2.42E-23,10.455,1.7813,6.2729,1.0688
ABELL_3921,1.70E-02,2.55E-02,0.0080229,0.0013655,145.21,145.21,20.707,7.56E-11,7.56E-11,1.44E-11,2.75E+12,1.74E+11,5.7438,0.56147,2.22E-23,9.4092,1.8468,5.6455,1.1081
ABELL_4038,1.99E-02,2.27E-02,0.012839,0.00032409,57.062,57.062,2.5475,6.51E-11,6.51E-11,3.15E-12,9.31E+11,2.82E+10,3.1426,0.13631,1.77E-23,4.0261,0.20205,2.4157,0.12123
ABELL_4059,1.84E-02,2.29E-02,0.010549,0.00042191,60.498,60.498,3.1474,4.97E-11,4.97E-11,2.98E-12,2.06E+12,6.74E+10,2.9092,0.12983,2.22E-23,3.6222,0.21707,2.1733,0.13024
ABELL_S0405,1.75E-02,2.33E-02,0.004585,0.0003168,143.45,158.34,14.622,2.94E-11,3.25E-11,3.36E-12,2.37E+12,1.58E+11,4.37,0.36,1.81E-23,15.399,1.6557,9.2394,0.99343
ABELL_S0592,1.77E-02,3.53E-02,0.019335,0.00030251,100.87,107.3,14.198,2.28E-10,2.42E-10,3.21E-11,7.78E+12,8.00E+11,7.73,1.02,2.38E-23,4.9119,0.65268,2.9471,0.39161
AC_114,2.27E-02,4.53E-02,0.0071749,0.00076777,216.73,216.73,32.381,9.37E-11,9.37E-11,1.59E-11,2.56E+12,2.47E+11,7.722,1.108,2.53E-23,12.402,2.22,7.4413,1.332
AWM7,2.07E-02,2.24E-02,0.0096269,0.0006203,75.43,75.43,4.3339,5.32E-11,5.32E-11,3.99E-12,1.35E+12,3.77E+10,3.4652,0.13394,1.99E-23,5.2737,0.39626,3.1642,0.23776
CENTAURUS,1.98E-02,2.09E-02,0.011052,0.00019075,60.41,60.41,1.2242,1.29E-10,1.29E-10,7.42E-12,2.73E+12,3.33E+10,3.0002,0.05,2.33E-23,3.3995,0.081562,2.0397,0.048937
CID_0072,1.94E-02,2.26E-02,0.0078348,0.00022227,42.808,42.808,1.366,2.14E-11,2.14E-11,8.20E-13,1.08E+12,2.03E+10,1.8251,0.053633,1.51E-23,4.4951,0.18361,2.6971,0.11016
CL_J1226.9+3332,3.89E-02,7.77E-02,0.01627,0.0002859,209.95,209.95,46.774,3.55E-10,3.55E-10,7.93E-11,1.65E+13,2.70E+12,13.032,2.9348,2.88E-23,8.1296,1.8364,4.8778,1.1018
CYGNUS_A,2.15E-02,2.68E-02,0.032947,0.0008118,45.193,45.193,1.8212,2.48E-10,2.48E-10,1.10E-11,2.71E+12,7.30E+10,4.7184,0.17552,2.21E-23,1.8879,0.08424,1.1328,0.050544
ESO_3060170,2.10E-02,2.45E-02,0.0068373,0.00023428,61.57,61.57,3.6159,2.46E-11,2.46E-11,1.57E-12,3.93E+11,1.56E+10,2.4899,0.1243,1.67E-23,6.3612,0.38517,3.8167,0.2311
ESO_5520200,2.07E-02,2.37E-02,0.0044146,0.00075028,69.411,77.664,9.4294,1.34E-11,1.49E-11,2.48E-12,1.62E+12,8.93E+10,2.09,0.14,1.61E-23,8.5588,1.5635,5.1353,0.9381
EXO_0422-086,1.86E-02,2.23E-02,0.018163,0.00054132,39.405,39.405,1.91,8.01E-11,8.01E-11,4.27E-12,2.40E+12,7.77E+10,3.0009,0.15862,1.96E-23,2.459,0.14922,1.4754,0.089529
HCG_0062,2.05E-02,2.20E-02,0.0038483,0.00030637,42.078,42.078,2.6372,6.44E-12,6.44E-12,5.56E-13,2.28E+12,5.58E+10,1.0716,0.037629,1.43E-23,5.7011,0.49606,3.4207,0.29763
HCG_42,2.01E-02,2.14E-02,0.0025689,0.00040011,40.605,40.605,4.4338,7.61E-12,7.61E-12,2.91E-12,1.37E+12,3.40E+10,0.80338,0.032028,1.70E-23,5.3772,0.86451,3.2263,0.5187
HERCULES_A,2.53E-02,3.80E-02,0.013387,0.00017428,49.661,49.661,2.2865,6.07E-11,6.07E-11,2.86E-12,4.16E+12,1.38E+11,3.0741,0.14247,1.86E-23,3.6069,0.17363,2.1641,0.10418
HYDRA_A,2.10E-02,2.63E-02,0.025129,0.00033938,39.28,39.28,1.556,1.37E-10,1.37E-10,5.61E-12,3.01E+12,8.52E+10,3.2694,0.12684,1.74E-23,2.18,0.089552,1.308,0.053731
M49,8.90E-03,9.07E-03,0.006922,0.00038185,29.623,29.623,1.238,1.21E-11,1.21E-11,7.07E-13,-3.55E+12,-5.17E+10,1.08,0.022711,1.94E-23,2.3527,0.1389,1.4116,0.08334
M87,2.01E-02,2.06E-02,0.011687,0.00022489,46.068,46.068,1.0959,4.49E-11,4.49E-11,1.25E-12,1.63E+12,2.39E+10,2.375,0.045054,1.72E-23,3.4487,0.093191,2.0692,0.055914
MACS_J0011.7-1523,2.49E-02,4.99E-02,0.022488,0.00072569,56.985,61.377,7.3824,3.97E-10,4.28E-10,1.26E-10,1.26E+13,1.18E+12,4.89,0.58,1.88E-23,3.3766,0.41506,2.026,0.24904
MACS_J0035.4-2015,2.41E-02,4.82E-02,0.01411,0.00076874,98.645,116.28,19.008,1.32E-10,1.55E-10,2.59E-11,3.26E+12,4.53E+11,6.79,1.09,2.27E-23,6.2016,1.0513,3.721,0.63079
MACS_J0159.8-0849,2.69E-02,5.37E-02,0.032168,0.0006772,51.559,51.559,4.5054,6.52E-10,6.52E-10,1.39E-10,1.25E+13,7.92E+11,5.7547,0.56592,2.21E-23,2.3634,0.23768,1.418,0.14261
MACS_J0242.5-2132,2.28E-02,4.55E-02,0.047785,0.0013342,28.608,28.608,2.4943,7.00E-10,7.00E-10,1.51E-10,8.21E+12,5.13E+11,3.9317,0.35886,1.99E-23,1.2071,0.11521,0.72423,0.069127
MACS_J0257.1-2325,3.05E-02,6.11E-02,0.0052147,0.0014386,302.62,302.62,88.119,7.69E-11,7.69E-11,2.74E-11,8.83E+12,1.46E+12,9.0774,2.1266,2.45E-23,20.779,7.5203,12.467,4.5122
MACS_J0257.6-2209,2.32E-02,4.64E-02,0.009364,0.00060576,171.79,172.42,31.496,1.16E-10,1.16E-10,2.19E-11,3.51E+10,4.58E+09,7.66,1.36,2.57E-23,9.3027,1.7579,5.5816,1.0547
MACS_J0308.9+2645,2.33E-02,4.65E-02,0.013175,0.0018245,230.65,230.65,88.63,2.75E-10,2.75E-10,1.09E-10,8.57E+12,2.34E+12,12.531,4.4389,3.10E-23,8.9503,3.404,5.3702,2.0424
MACS_J0329.6-0211,2.86E-02,5.72E-02,0.034335,0.00057619,38.825,38.825,2.8989,5.48E-10,5.48E-10,9.95E-11,1.10E+13,5.98E+11,4.5559,0.38009,2.04E-23,1.8988,0.16158,1.1393,0.096951
MACS_J0417.5-1154,2.82E-02,5.65E-02,0.034721,0.0014781,35.522,58.161,9.0762,5.10E-10,8.36E-10,3.15E-10,9.87E+12,1.84E+12,6.19,0.96,2.05E-23,2.5332,0.4074,1.5199,0.24444
MACS_J0429.6-0253,2.66E-02,5.33E-02,0.032128,0.00099067,43.317,44.329,4.9296,5.47E-10,5.60E-10,1.52E-10,1.06E+13,8.72E+11,4.574,0.51707,2.09E-23,1.9882,0.23297,1.1929,0.13978
MACS_J0520.7-1328,2.40E-02,4.80E-02,0.017178,0.0016817,114.55,114.55,23.293,2.12E-10,2.12E-10,4.58E-11,4.99E+12,7.05E+11,7.4723,1.4527,2.43E-23,5.2218,1.1366,3.1331,0.68199
MACS_J0547.0-3904,1.69E-02,3.39E-02,0.017836,0.00087466,41.171,42.043,4.4564,8.12E-11,8.29E-11,9.28E-12,2.27E+12,1.72E+11,2.87,0.29,1.47E-23,3.2033,0.35978,1.922,0.21587
MACS_J0717.5+3745,3.05E-02,6.11E-02,0.0094634,0.00018811,261.94,298.16,59.109,1.80E-10,2.05E-10,4.06E-11,5.36E+12,8.85E+11,13.34,2.64,3.06E-23,13.447,2.6746,8.0682,1.6047
MACS_J0744.8+3927,3.54E-02,7.07E-02,0.02216,0.00070955,98.266,100.51,12.348,6.68E-10,6.83E-10,2.05E-10,2.40E+13,2.18E+12,7.93,0.96,2.48E-23,4.2174,0.52812,2.5305,0.31687
MACS_J1115.2+5320,2.82E-02,5.64E-02,0.0061589,0.001775,293.57,293.57,84.394,9.84E-11,9.84E-11,3.53E-11,-1.65E+12,-2.59E+11,9.3328,2.0878,2.74E-23,16.163,5.8967,9.6975,3.538
MACS_J1115.8+0129,2.46E-02,4.92E-02,0.043226,0.00084427,41.933,41.933,5.3309,3.62E-10,3.62E-10,4.63E-11,8.76E+12,8.13E+11,5.0344,0.61732,2.04E-23,1.6649,0.20673,0.99896,0.12404
MACS_J1131.8-1955,2.15E-02,4.30E-02,0.012085,0.00042542,104.58,142.41,26.886,1.08E-10,1.47E-10,2.79E-11,5.72E+12,1.07E+12,7.5,1.41,2.26E-23,8.001,1.5303,4.8006,0.9182
MACS_J1149.5+2223,3.17E-02,6.35E-02,0.0063906,0.0017294,283.6,283.6,63.618,1.01E-10,1.01E-10,3.05E-11,-1.57E+12,-1.54E+11,9.4086,1.3107,2.60E-23,16.519,5.0277,9.9114,3.0166
MACS_J1206.2-0847,2.71E-02,5.42E-02,0.026947,0.00074896,92.178,100.02,13.239,3.62E-10,3.92E-10,5.25E-11,1.14E+13,1.19E+12,8.99,1.18,2.51E-23,3.8774,0.52023,2.3265,0.31214
MACS_J1311.0-0310,2.89E-02,5.78E-02,0.022786,0.00059947,58.83,62.458,4.8392,1.75E-10,1.85E-10,1.48E-11,4.37E+12,2.57E+11,5.02,0.38,2.05E-23,3.1324,0.25102,1.8794,0.15061
MACS_J1621.3+3810,2.90E-02,5.80E-02,0.021589,0.00061803,66.071,71.195,7.3319,4.30E-10,4.63E-10,1.17E-10,1.82E+13,1.46E+12,5.5485,0.56607,2.06E-23,3.6489,0.38665,2.1894,0.23199
MACS_J1931.8-2634,2.46E-02,4.92E-02,0.051703,0.001322,34.465,34.465,3.9006,9.62E-10,9.62E-10,2.65E-10,8.08E+12,6.63E+11,5.1722,0.68494,2.14E-23,1.3636,0.18391,0.81817,0.11035
MACS_J2049.9-3217,2.33E-02,4.67E-02,0.0091549,0.0019104,234.68,234.68,69.028,1.52E-10,1.52E-10,5.07E-11,4.20E+12,7.98E+11,9.6347,2.4252,2.68E-23,11.453,3.7448,6.872,2.2469
MACS_J2211.7-0349,2.05E-02,4.09E-02,0.020539,0.0020871,180.81,180.81,36.237,4.51E-10,4.51E-10,9.67E-11,1.68E+12,2.33E+11,12.922,2.4553,2.85E-23,6.4494,1.3897,3.8696,0.83381
MACS_J2214.9-1359,3.04E-02,6.09E-02,0.0036912,0.00054698,321.83,370.12,86.447,4.60E-11,5.29E-11,1.33E-11,7.40E+12,1.36E+12,8.84,1.92,2.51E-23,27.903,7.3365,16.742,4.4019
MACS_J2228+2036,2.72E-02,5.43E-02,0.012347,0.0016628,159.92,159.92,35.408,1.71E-10,1.71E-10,4.15E-11,6.81E+12,1.01E+12,8.3741,1.7086,2.56E-23,7.7324,1.8903,4.6394,1.1342
MACS_J2229.7-2755,2.33E-02,4.65E-02,0.041075,0.0011005,27.35,27.552,2.32,5.20E-10,5.24E-10,1.09E-10,5.65E+12,3.44E+11,3.5014,0.31349,1.93E-23,1.2895,0.12052,0.77373,0.072309
MACS_J2245.0+2637,2.14E-02,4.27E-02,0.023233,0.0010623,61.647,63.989,7.605,1.89E-10,1.96E-10,2.42E-11,5.03E+12,4.41E+11,5.21,0.6,2.27E-23,2.8851,0.35749,1.731,0.21449
MKW3S,2.18E-02,2.62E-02,0.013864,0.00057448,56.415,56.415,2.5556,7.31E-11,7.31E-11,4.01E-12,2.01E+12,5.28E+10,3.3145,0.12245,2.01E-23,3.4795,0.19316,2.0877,0.1159
MKW_04,2.08E-02,2.27E-02,0.0054359,0.00027927,68.938,68.938,4.5138,1.88E-11,1.88E-11,1.42E-12,2.01E+12,8.22E+10,2.1466,0.12331,2.36E-23,4.8819,0.37624,2.9291,0.22574
MKW_08,1.87E-02,2.14E-02,0.0034222,0.00032205,187.82,187.82,18.436,2.36E-11,2.36E-11,2.85E-12,1.94E+12,1.07E+11,3.8094,0.29619,1.99E-23,16.343,1.995,9.8057,1.197
MS_0016.9+1609,3.03E-02,6.07E-02,0.010626,0.00054413,187.05,188.07,26.438,1.56E-10,1.56E-10,2.28E-11,7.14E+12,7.18E+11,9.09,1.24,2.70E-23,9.2468,1.3473,5.5481,0.8084
MS_0116.3-0115,2.19E-02,2.63E-02,0.0027684,0.00027523,108.71,104.99,14.584,9.61E-12,9.28E-12,1.47E-12,1.91E+12,1.63E+11,2.0579,0.25403,1.73E-23,12.514,1.9834,7.5082,1.19
MS_0440.5+0204,1.57E-02,3.13E-02,0.020492,0.0013476,60.811,64.365,9.8489,3.63E-10,3.84E-10,1.47E-10,7.41E+12,8.47E+11,4.82,0.71,1.91E-23,3.5986,0.58051,2.1592,0.3483
MS_0451.6-0305,3.16E-02,6.31E-02,0.0025615,0.00070428,697.21,697.21,271.49,5.42E-11,5.42E-11,2.38E-11,2.18E+13,5.48E+12,11.613,3.5643,3.03E-23,43.669,17.995,26.201,10.797
MS_0735.6+7421,1.66E-02,3.32E-02,0.036185,0.00027316,32.665,32.665,1.9474,2.09E-10,2.09E-10,1.25E-11,2.77E+12,1.21E+11,3.7078,0.23498,1.95E-23,1.5331,0.097848,0.91988,0.058709
MS_0839.8+2938,1.53E-02,3.05E-02,0.026922,0.00042444,33.752,33.752,3.4863,1.32E-10,1.32E-10,1.37E-11,3.01E+12,2.27E+11,3.1983,0.32326,1.90E-23,1.8222,0.1864,1.0933,0.11184
MS_0906.5+1110,1.38E-02,2.77E-02,0.01225,0.0016836,120.79,120.79,15.556,1.27E-10,1.27E-10,2.10E-11,1.51E+12,1.00E+11,6.3396,0.64703,2.26E-23,6.6767,1.1429,4.006,0.68577
MS_1006.0+1202,1.75E-02,3.51E-02,0.0074404,0.00020862,164.3,152.97,24.594,7.55E-11,7.03E-11,1.14E-11,-3.36E+12,-3.66E+11,5.83,0.93,2.11E-23,10.842,1.756,6.5051,1.0536
MS_1008.1-1224,2.21E-02,4.42E-02,0.0050429,0.00029337,193.91,197.23,23.67,4.66E-11,4.74E-11,6.03E-12,5.44E+12,4.62E+11,5.8,0.66,2.26E-23,14.837,1.8961,8.9019,1.1377
MS_1455.0+2232,1.90E-02,3.81E-02,0.05002,0.00079374,31.58,31.58,2.4858,3.47E-10,3.47E-10,2.77E-11,4.33E+12,2.48E+11,4.0977,0.30872,1.93E-23,1.2407,0.095524,0.74442,0.057315
MS_2137.3-2353,2.27E-02,4.54E-02,0.043918,0.00090449,33.032,33.032,2.4108,7.02E-10,7.02E-10,1.26E-10,7.82E+12,4.11E+11,4.3899,0.35528,1.93E-23,1.5151,0.12653,0.90906,0.075917
MS_J1157.3+5531,2.26E-02,3.01E-02,0.0052746,0.00035055,49.016,49.016,2.9339,3.05E-11,3.05E-11,5.68E-12,2.86E+12,8.45E+10,1.746,0.10096,1.70E-23,5.6863,0.50091,3.4118,0.30055
NGC_0507,1.97E-02,2.05E-02,0.0054592,0.0014216,35.88,35.88,6.3033,9.84E-12,9.84E-12,2.58E-12,1.24E+12,2.45E+10,1.1456,0.03,1.67E-23,3.674,0.96151,2.2044,0.57691
NGC_4636,2.00E-02,2.02E-02,0.0024786,0.00058971,43.113,43.113,7.0318,3.17E-12,3.17E-12,7.64E-13,1.60E+12,4.47E+10,0.79844,0.03,1.28E-23,7.3361,1.767,4.4017,1.0602
NGC_5044,2.00E-02,2.05E-02,0.0096556,0.0018842,21.337,21.337,2.8536,1.51E-11,1.51E-11,2.99E-12,-6.51E+11,-1.48E+10,0.97477,0.03,1.44E-23,2.0443,0.40386,1.2266,0.24232
NGC_5813,2.01E-02,2.04E-02,0.0036231,0.00055865,28.826,28.826,3.0821,3.99E-12,3.99E-12,6.27E-13,-4.89E+12,-1.06E+11,0.68,0.02,1.95E-23,2.8079,0.44076,1.6847,0.26446
NGC_5846,2.00E-02,2.02E-02,0.0042505,0.00083114,32.394,32.394,4.308,5.85E-12,5.85E-12,1.15E-12,-1.55E+12,-2.98E+10,0.91846,0.030408,1.37E-23,4.614,0.91507,2.7684,0.54904
OPHIUCHUS,1.94E-02,2.21E-02,0.019941,0.00093261,75.322,79.281,2.8598,1.79E-10,1.88E-10,9.22E-12,2.35E+12,3.73E+10,6.934,0.17787,2.36E-23,4.2926,0.22898,2.5756,0.13739
PKS_0745-191,1.79E-02,2.68E-02,0.074718,0.00070256,25.826,25.826,1.5418,5.55E-10,5.55E-10,3.33E-11,3.13E+12,1.36E+11,4.4235,0.23123,1.98E-23,0.87357,0.046397,0.52414,0.027838
RBS_0461,2.00E-02,2.29E-02,0.0047339,0.00029178,103.42,103.42,6.9144,2.24E-11,2.24E-11,1.81E-12,3.39E+11,1.31E+10,2.8039,0.16036,1.70E-23,10.149,0.85339,6.0896,0.51203
RBS_0533,1.98E-02,2.11E-02,0.0067612,0.00029639,41.378,41.378,1.4756,1.62E-11,1.62E-11,7.84E-13,1.08E+12,1.62E+10,1.4731,0.033428,1.54E-23,4.1435,0.20453,2.4861,0.12272
RBS_0797,2.47E-02,3.70E-02,0.07248,0.0014337,31.21,31.21,3.1064,1.53E-09,1.53E-09,3.69E-10,5.44E+12,3.93E+11,5.0845,0.83291,2.01E-23,1.0186,0.16807,0.61114,0.10084
RCS_J2327-0204,1.63E-02,3.26E-02,0.021179,0.00093909,97.401,99.283,21.099,6.14E-10,6.26E-10,3.23E-10,4.59E+12,7.22E+11,7.6,1.6,2.17E-23,4.8172,1.0364,2.8903,0.62184
RXCJ0331.1-2100,2.33E-02,3.11E-02,0.029859,0.002186,35.509,35.509,3.4813,3.97E-10,3.97E-10,1.07E-10,4.54E+12,2.83E+11,3.9595,0.37798,2.07E-23,1.874,0.22545,1.1244,0.13527
RXC_J1023.8-2715,1.76E-02,2.64E-02,0.034523,0.00063871,47.316,47.316,5.6077,6.73E-10,6.73E-10,1.93E-10,5.08E+12,4.39E+11,4.9781,0.58925,1.81E-23,2.3279,0.2789,1.3967,0.16734
RX_J0220.9-3829,1.81E-02,3.62E-02,0.011672,0.00090396,62.695,73.268,7.184,6.10E-11,7.13E-11,7.83E-12,3.33E+12,2.50E+11,3.77,0.33,2.08E-23,4.5276,0.52917,2.7166,0.3175
RX_J0232.2-4420,2.12E-02,4.24E-02,0.017788,0.00020945,77.053,83.794,11.316,1.51E-10,1.65E-10,2.23E-11,6.46E+12,6.94E+11,5.71,0.77,2.36E-23,3.9643,0.53662,2.3786,0.32197
RX_J0439.0+0715,1.82E-02,3.63E-02,0.01396,0.00056044,79.779,88.827,15.498,1.05E-10,1.16E-10,2.06E-11,6.07E+10,8.57E+09,5.15,0.89,1.98E-23,5.4318,0.96369,3.2591,0.57822
RX_J0439+0520,1.68E-02,3.36E-02,0.035143,0.0015903,31.453,33.554,3.2188,4.61E-10,4.92E-10,1.19E-10,4.74E+12,3.40E+11,3.6,0.33,1.93E-23,1.5467,0.15811,0.92799,0.094867
RX_J0528.9-3927,1.93E-02,3.85E-02,0.022494,0.00049912,83.448,85.711,17.362,2.42E-10,2.49E-10,5.06E-11,2.88E+12,4.38E+11,6.83,1.38,2.19E-23,4.0389,0.82097,2.4234,0.49258
RX_J0647.7+7015,3.29E-02,6.58E-02,0.013154,0.0015755,235.68,235.68,66.045,2.80E-10,2.80E-10,8.23E-11,-9.55E+09,-1.88E+09,12.626,3.3462,3.07E-23,9.1355,2.6568,5.4813,1.5941
RX_J0819.6+6336,2.12E-02,3.18E-02,0.0081033,0.0013816,103.19,103.19,16.601,5.46E-11,5.46E-11,1.12E-11,4.56E+12,3.81E+11,4.1338,0.5663,1.99E-23,7.4791,1.6358,4.4874,0.98149
RX_J1000.4+4409,2.64E-02,3.96E-02,0.0070113,0.003132,74.538,82.168,23.223,3.10E-11,3.42E-11,1.41E-11,4.27E+12,2.87E+11,3.01,0.25,1.80E-23,6.9791,3.1711,4.1875,1.9026
RX_J1022.1+3830,1.89E-02,2.37E-02,0.0038829,0.0002119,88.664,93.911,7.6,1.38E-11,1.46E-11,1.31E-12,1.57E+12,8.93E+10,2.32,0.17,1.78E-23,9.8205,0.89725,5.8923,0.53835
RX_J1130.0+3637,2.28E-02,2.86E-02,0.0037555,0.00033173,56.883,64.981,5.0096,8.36E-12,9.55E-12,9.19E-13,1.26E+12,6.04E+10,1.57,0.09,1.46E-23,8.3433,0.87856,5.006,0.52714
RX_J1320.2+3308,2.15E-02,2.51E-02,0.0053894,0.00045917,29.469,29.604,1.7958,7.91E-12,7.95E-12,6.96E-13,1.39E+12,2.24E+10,0.98154,0.026813,1.43E-23,3.724,0.33319,2.2344,0.19992
RX_J1347.5-1145,2.87E-02,5.73E-02,0.050968,0.00057356,87.948,87.948,17.675,2.40E-09,2.40E-09,1.16E-09,3.41E+13,5.02E+12,11.25,1.8487,2.87E-23,2.2466,0.37005,1.3479,0.22203
RX_J1423.8+2404,3.18E-02,6.35E-02,0.035701,0.00039892,55.009,55.009,5.8089,8.28E-10,8.28E-10,2.10E-10,1.88E+13,1.45E+12,5.8145,0.61161,2.21E-23,2.1531,0.22775,1.2918,0.13665
RX_J1504.1-0248,1.66E-02,3.31E-02,0.10512,0.0012801,24.026,24.026,1.5532,9.11E-10,9.11E-10,5.95E-11,3.83E+12,1.80E+11,4.9725,0.28631,2.01E-23,0.68825,0.040505,0.41295,0.024303
RX_J1532.9+3021,2.33E-02,4.65E-02,0.046141,0.001441,32.226,32.226,2.5314,3.10E-10,3.10E-10,2.54E-11,7.19E+12,3.99E+11,4.3765,0.35,1.99E-23,1.3932,0.11961,0.83591,0.071767
RX_J1539.5-8335,2.05E-02,2.73E-02,0.030283,0.0014632,35.122,35.122,3.4314,4.02E-10,4.02E-10,1.00E-10,1.94E+12,1.31E+11,3.6149,0.35609,1.90E-23,1.8306,0.20085,1.0983,0.12051
RX_J1720.1+2638,2.67E-02,4.00E-02,0.034207,0.00075986,42.687,42.687,3.4132,2.49E-10,2.49E-10,2.04E-11,6.63E+12,3.82E+11,4.5069,0.35606,1.96E-23,1.9639,0.16117,1.1783,0.096702
RX_J1720.2+3536,2.52E-02,5.04E-02,0.03267,0.00048771,41.816,44.718,3.6443,2.26E-10,2.42E-10,1.99E-11,6.92E+12,4.39E+11,4.6743,0.3884,2.02E-23,2.0636,0.17422,1.2382,0.10453
RX_J1852.1+5711,1.97E-02,2.95E-02,0.0071899,0.00047384,66.754,79.728,8.319,2.90E-11,3.46E-11,3.88E-12,2.90E+12,2.48E+11,2.97,0.29,1.72E-23,6.9971,0.82428,4.1983,0.49457
RX_J2129.6+0005,1.85E-02,3.69E-02,0.033052,0.0016645,41.28,44.179,5.3295,5.46E-10,5.85E-10,1.76E-10,7.22E+12,6.60E+11,4.55,0.53,2.09E-23,1.9215,0.24385,1.1529,0.14631
SC_1327-312,1.95E-02,2.44E-02,0.0054668,0.00059841,111.67,110.21,11.688,3.07E-11,3.03E-11,4.07E-12,1.76E+12,9.68E+10,3.3966,0.2534,1.82E-23,9.9734,1.3212,5.984,0.7927
SERSIC_159-03,2.12E-02,2.65E-02,0.029271,0.00086236,25.335,25.335,1.9467,1.14E-10,1.14E-10,9.12E-12,1.61E+12,8.79E+10,2.3987,0.17622,1.60E-23,1.4953,0.11836,0.89718,0.071016
SS2B153,2.04E-02,2.23E-02,0.0076781,0.00059666,20.458,20.458,1.1674,2.38E-11,2.38E-11,4.64E-12,9.28E+11,1.63E+10,0.78337,0.015842,1.49E-23,2.0031,0.16085,1.2019,0.096507
UGC_03957,2.01E-02,2.34E-02,0.011889,0.00079028,47.86,50.487,3.1312,4.80E-11,5.07E-11,3.94E-12,2.52E+12,8.91E+10,2.6682,0.12694,2.08E-23,3.1466,0.25721,1.888,0.15432
UGC_12491,1.92E-02,2.09E-02,0.0066,0.0007127,28.061,28.061,2.4808,2.53E-11,2.53E-11,7.27E-12,1.12E+12,4.20E+10,1.0157,0.053249,1.30E-23,3.4658,0.41603,2.0795,0.24962
ZWCL_1215,2.11E-02,2.81E-02,0.0066594,0.001781,184.62,184.62,39.534,7.05E-11,7.05E-11,2.06E-11,3.34E+12,2.91E+11,6.5099,0.80007,2.09E-23,13.63,4.0118,8.1783,2.4071
ZWCL_1358+6245,2.35E-02,4.69E-02,0.023063,0.00058468,37.331,44.185,4.7323,2.71E-10,3.21E-10,8.34E-11,6.68E+12,6.16E+11,3.58,0.38,1.76E-23,2.5789,0.28144,1.5474,0.16886
ZWCL_1742,2.12E-02,2.83E-02,0.020052,0.00055799,31.641,40.781,2.3769,7.59E-11,9.78E-11,5.91E-12,2.65E+12,1.41E+11,3.01,0.17,1.89E-23,2.3127,0.14561,1.3876,0.087365
ZWCL_1953,2.58E-02,5.17E-02,0.010079,0.0019079,217.99,217.99,68.364,1.66E-10,1.66E-10,5.71E-11,5.23E+12,1.10E+12,9.7414,2.7335,2.55E-23,11.076,3.7491,6.6455,2.2494
ZWCL_3146,2.07E-02,4.13E-02,0.055175,0.0015134,31.36,31.36,2.4888,4.06E-10,4.06E-10,3.33E-11,6.35E+12,3.60E+11,4.4021,0.32243,2.01E-23,1.1617,0.090854,0.69699,0.054513
ZWICKY_2701,1.69E-02,3.39E-02,0.016371,0.00037196,54.812,54.812,4.523,9.37E-11,9.37E-11,7.90E-12,1.86E+12,1.11E+11,3.6982,0.33227,2.01E-23,3.2755,0.30356,1.9653,0.18214
ZwCl_0857.9+2107,1.85E-02,3.69E-02,0.023483,0.0018385,37.537,38.169,4.0428,1.17E-10,1.19E-10,1.43E-11,2.63E+12,1.82E+11,3.13,0.29,1.71E-23,2.2772,0.27623,1.3663,0.16574