NH results
     Position       |   E(B-V) (mag)   | NHI (atoms cm-2)    | NH2 (atoms cm-2)    | NH,tot (atoms cm-2) |
                    | Mean  | Weighted |  Mean    | Weighted |  Mean    | Weighted |   Mean   | Weighted |
+===================+=======+==========+==========+==========+==========+==========+==========+==========+
J 104.62345, -55.94439| 0.089 | 0.086    | 5.19e+20 | 4.89e+20 | 1.70e+20 | 1.54e+20 | 6.88e+20 | 6.43e+20 |
J 54.67127, 9.96685 | 0.414 | 0.425    | 1.62e+21 | 1.75e+21 | 1.27e+21 | 1.31e+21 | 2.89e+21 | 3.05e+21 |
J 2.84010, -28.85401| 0.014 | 0.014    | 1.40e+20 | 1.39e+20 | 5.78e+18 | 5.81e+18 | 1.46e+20 | 1.45e+20 |
J 336.97733, -30.57634| 0.015 | 0.015    | 1.14e+20 | 1.17e+20 | 4.86e+18 | 4.95e+18 | 1.19e+20 | 1.21e+20 |
J 13.96000, 26.41013| 0.054 | 0.056    | 5.19e+20 | 5.37e+20 | 1.01e+20 | 1.10e+20 | 6.20e+20 | 6.46e+20 |
J 212.83450, 52.20293| 0.012 | 0.012    | 1.25e+20 | 1.34e+20 | 4.14e+18 | 4.75e+18 | 1.29e+20 | 1.38e+20 |
J 281.00985, 45.55814| 0.072 | 0.072    | 5.58e+20 | 5.55e+20 | 1.47e+20 | 1.47e+20 | 7.05e+20 | 7.02e+20 |
J 128.72885, 55.57254| 0.044 | 0.044    | 4.25e+20 | 4.29e+20 | 6.65e+19 | 6.67e+19 | 4.92e+20 | 4.95e+20 |
J 3.40785, -19.50253| 0.023 | 0.022    | 2.04e+20 | 1.99e+20 | 1.46e+19 | 1.38e+19 | 2.19e+20 | 2.13e+20 |
J 9.27698, 9.15897  | 0.076 | 0.074    | 4.83e+20 | 4.96e+20 | 1.34e+20 | 1.35e+20 | 6.17e+20 | 6.31e+20 |
J 10.46002, -9.30300| 0.034 | 0.034    | 2.76e+20 | 2.78e+20 | 3.18e+19 | 3.19e+19 | 3.08e+20 | 3.10e+20 |
J 14.06313, -1.24992| 0.042 | 0.040    | 3.70e+20 | 3.51e+20 | 5.37e+19 | 4.88e+19 | 4.23e+20 | 4.00e+20 |
J 15.67398, -21.88050| 0.019 | 0.018    | 1.64e+20 | 1.57e+20 | 9.39e+18 | 8.68e+18 | 1.74e+20 | 1.65e+20 |
J 16.39327, -24.63299| 0.021 | 0.021    | 1.84e+20 | 1.79e+20 | 1.19e+19 | 1.14e+19 | 1.96e+20 | 1.90e+20 |
J 18.25288, 15.48752| 0.076 | 0.075    | 4.07e+20 | 4.06e+20 | 1.12e+20 | 1.10e+20 | 5.20e+20 | 5.16e+20 |
J 21.28192, 8.69919 | 0.052 | 0.051    | 4.18e+20 | 4.18e+20 | 7.70e+19 | 7.56e+19 | 4.95e+20 | 4.93e+20 |
J 22.96902, -13.61078| 0.019 | 0.018    | 1.43e+20 | 1.44e+20 | 7.93e+18 | 7.86e+18 | 1.51e+20 | 1.52e+20 |
J 24.39401, -12.99302| 0.020 | 0.020    | 1.55e+20 | 1.53e+20 | 9.32e+18 | 9.34e+18 | 1.64e+20 | 1.62e+20 |
J 24.48318, -12.81959| 0.021 | 0.020    | 1.57e+20 | 1.55e+20 | 9.78e+18 | 9.58e+18 | 1.67e+20 | 1.65e+20 |
J 28.19291, 36.15328| 0.068 | 0.071    | 5.31e+20 | 5.67e+20 | 1.31e+20 | 1.47e+20 | 6.62e+20 | 7.14e+20 |
J 28.17612, 1.01259 | 0.028 | 0.029    | 2.65e+20 | 2.75e+20 | 2.39e+19 | 2.62e+19 | 2.88e+20 | 3.01e+20 |
J 39.36517, -26.50805| 0.020 | 0.020    | 1.84e+20 | 1.82e+20 | 1.13e+19 | 1.10e+19 | 1.96e+20 | 1.93e+20 |
J 39.97154, -1.57693| 0.031 | 0.031    | 2.99e+20 | 3.01e+20 | 3.09e+19 | 3.11e+19 | 3.30e+20 | 3.32e+20 |
J 42.01402, -3.52908| 0.034 | 0.034    | 3.44e+20 | 3.48e+20 | 3.96e+19 | 4.03e+19 | 3.84e+20 | 3.88e+20 |
J 44.47243, 13.02524| 0.186 | 0.185    | 1.06e+21 | 1.06e+21 | 6.45e+20 | 6.40e+20 | 1.71e+21 | 1.70e+21 |
J 44.42335, 6.02434 | 0.159 | 0.164    | 8.15e+20 | 8.33e+20 | 4.56e+20 | 4.77e+20 | 1.27e+21 | 1.31e+21 |
J 44.73717, 13.57070| 0.164 | 0.158    | 9.95e+20 | 9.90e+20 | 5.53e+20 | 5.33e+20 | 1.55e+21 | 1.52e+21 |
J 49.95081, 41.51131| 0.171 | 0.164    | 1.38e+21 | 1.36e+21 | 7.37e+20 | 7.08e+20 | 2.12e+21 | 2.07e+21 |
J 63.35560, 10.46532| 0.391 | 0.438    | 1.31e+21 | 1.35e+21 | 1.16e+21 | 1.22e+21 | 2.46e+21 | 2.57e+21 |
J 68.40849, -13.26101| 0.171 | 0.160    | 3.89e+20 | 3.78e+20 | 2.43e+20 | 2.21e+20 | 6.32e+20 | 5.99e+20 |
J 73.54293, 2.92680 | 0.063 | 0.059    | 5.83e+20 | 5.65e+20 | 1.33e+20 | 1.22e+20 | 7.16e+20 | 6.87e+20 |
J 73.52640, -10.22136| 0.072 | 0.071    | 4.79e+20 | 4.77e+20 | 1.26e+20 | 1.23e+20 | 6.05e+20 | 6.01e+20 |
J 79.15556, 6.44033 | 0.200 | 0.164    | 1.06e+21 | 1.01e+21 | 6.81e+20 | 5.60e+20 | 1.74e+21 | 1.57e+21 |
J 103.33968, 69.33089| 0.058 | 0.052    | 4.28e+20 | 4.14e+20 | 8.83e+19 | 7.61e+19 | 5.16e+20 | 4.90e+20 |
J 110.37664, 55.76165| 0.075 | 0.077    | 5.45e+20 | 5.50e+20 | 1.50e+20 | 1.56e+20 | 6.95e+20 | 7.05e+20 |
J 113.08475, 31.63294| 0.054 | 0.054    | 4.84e+20 | 4.89e+20 | 9.30e+19 | 9.48e+19 | 5.77e+20 | 5.84e+20 |
J 120.23680, 36.05669| 0.051 | 0.052    | 4.44e+20 | 4.46e+20 | 8.05e+19 | 8.20e+19 | 5.24e+20 | 5.28e+20 |
J 124.35510, -7.51112| 0.112 | 0.112    | 7.50e+20 | 7.47e+20 | 3.06e+20 | 3.04e+20 | 1.06e+21 | 1.05e+21 |
J 127.74677, 65.83891| 0.051 | 0.049    | 4.31e+20 | 4.33e+20 | 7.81e+19 | 7.46e+19 | 5.10e+20 | 5.07e+20 |
J 130.73979, 36.36601| 0.036 | 0.036    | 2.90e+20 | 2.93e+20 | 3.54e+19 | 3.56e+19 | 3.26e+20 | 3.28e+20 |
J 136.83523, 16.65172| 0.036 | 0.036    | 3.56e+20 | 3.43e+20 | 4.38e+19 | 4.22e+19 | 3.99e+20 | 3.85e+20 |
J 137.32578, -9.68599| 0.055 | 0.058    | 4.69e+20 | 4.84e+20 | 9.27e+19 | 1.02e+20 | 5.62e+20 | 5.85e+20 |
J 139.46903, 51.72727| 0.015 | 0.015    | 1.26e+20 | 1.28e+20 | 5.51e+18 | 5.59e+18 | 1.32e+20 | 1.34e+20 |
J 149.59144, -11.06409| 0.062 | 0.061    | 5.34e+20 | 5.45e+20 | 1.20e+20 | 1.22e+20 | 6.55e+20 | 6.67e+20 |
J 154.26560, 39.04699| 0.015 | 0.015    | 1.27e+20 | 1.25e+20 | 5.35e+18 | 5.40e+18 | 1.32e+20 | 1.30e+20 |
J 159.17845, -27.52835| 0.070 | 0.072    | 4.79e+20 | 4.90e+20 | 1.22e+20 | 1.27e+20 | 6.00e+20 | 6.18e+20 |
J 342.18456, -44.53010| 0.012 | 0.012    | 1.23e+20 | 1.24e+20 | 4.08e+18 | 4.09e+18 | 1.27e+20 | 1.28e+20 |
J 160.18550, 39.95286| 0.019 | 0.019    | 1.73e+20 | 1.69e+20 | 1.01e+19 | 9.73e+18 | 1.83e+20 | 1.78e+20 |
J 168.22704, 13.43577| 0.019 | 0.019    | 1.56e+20 | 1.57e+20 | 9.03e+18 | 9.05e+18 | 1.65e+20 | 1.66e+20 |
J 168.33508, 17.59401| 0.019 | 0.018    | 1.27e+20 | 1.29e+20 | 6.94e+18 | 6.97e+18 | 1.34e+20 | 1.36e+20 |
J 170.90982, 43.09676| 0.020 | 0.020    | 2.65e+20 | 2.85e+20 | 1.68e+19 | 1.80e+19 | 2.82e+20 | 3.03e+20 |
J 175.91515, 46.35567| 0.024 | 0.024    | 2.68e+20 | 2.71e+20 | 2.03e+19 | 2.06e+19 | 2.88e+20 | 2.92e+20 |
J 178.82455, 23.40607| 0.023 | 0.024    | 1.72e+20 | 1.83e+20 | 1.22e+19 | 1.37e+19 | 1.85e+20 | 1.97e+20 |
J 179.32193, 33.61040| 0.021 | 0.021    | 1.82e+20 | 1.81e+20 | 1.19e+19 | 1.15e+19 | 1.94e+20 | 1.93e+20 |
J 180.51560, 58.03831| 0.020 | 0.021    | 1.64e+20 | 1.61e+20 | 1.01e+19 | 1.01e+19 | 1.74e+20 | 1.71e+20 |
J 189.10840, 16.53828| 0.028 | 0.030    | 1.94e+20 | 2.04e+20 | 1.76e+19 | 1.93e+19 | 2.12e+20 | 2.23e+20 |
J 189.24281, 63.18719| 0.014 | 0.013    | 1.15e+20 | 1.08e+20 | 4.42e+18 | 3.98e+18 | 1.19e+20 | 1.12e+20 |
J 194.29860, -17.40913| 0.066 | 0.067    | 4.08e+20 | 4.13e+20 | 9.61e+19 | 9.96e+19 | 5.04e+20 | 5.12e+20 |
J 194.67291, -1.76231| 0.022 | 0.021    | 1.41e+20 | 1.35e+20 | 9.42e+18 | 8.33e+18 | 1.51e+20 | 1.43e+20 |
J 194.84512, -4.19607| 0.026 | 0.026    | 1.56e+20 | 1.52e+20 | 1.28e+19 | 1.20e+19 | 1.69e+20 | 1.64e+20 |
J 195.92759, -24.24489| 0.134 | 0.136    | 8.64e+20 | 8.88e+20 | 4.12e+20 | 4.27e+20 | 1.28e+21 | 1.31e+21 |
J 197.87338, -1.34130| 0.027 | 0.027    | 1.82e+20 | 1.83e+20 | 1.52e+19 | 1.54e+19 | 1.97e+20 | 1.98e+20 |
J 201.70605, -27.16337| 0.058 | 0.058    | 4.51e+20 | 4.55e+20 | 9.35e+19 | 9.42e+19 | 5.44e+20 | 5.49e+20 |
J 203.20166, 50.54237| 0.010 | 0.010    | 1.02e+20 | 1.03e+20 | 2.68e+18 | 2.75e+18 | 1.05e+20 | 1.06e+20 |
J 203.82482, 40.99883| 0.008 | 0.008    | 8.23e+19 | 8.19e+19 | 1.64e+18 | 1.62e+18 | 8.39e+19 | 8.35e+19 |
J 207.22001, 26.58987| 0.013 | 0.013    | 1.21e+20 | 1.19e+20 | 4.38e+18 | 4.25e+18 | 1.25e+20 | 1.23e+20 |
J 210.25813, 2.87866| 0.030 | 0.031    | 2.04e+20 | 2.04e+20 | 1.99e+19 | 2.02e+19 | 2.24e+20 | 2.24e+20 |
J 216.51275, 37.82440| 0.012 | 0.013    | 1.06e+20 | 1.06e+20 | 3.61e+18 | 3.87e+18 | 1.10e+20 | 1.10e+20 |
J 219.59116, 3.67027| 0.037 | 0.037    | 2.49e+20 | 2.46e+20 | 3.11e+19 | 3.06e+19 | 2.80e+20 | 2.77e+20 |
J 223.63175, 18.64486| 0.033 | 0.032    | 2.49e+20 | 2.46e+20 | 2.69e+19 | 2.61e+19 | 2.75e+20 | 2.72e+20 |
J 223.23921, 58.04912| 0.011 | 0.011    | 1.23e+20 | 1.19e+20 | 3.88e+18 | 3.65e+18 | 1.27e+20 | 1.22e+20 |
J 227.73391, 5.74458| 0.041 | 0.041    | 3.23e+20 | 3.26e+20 | 4.57e+19 | 4.56e+19 | 3.68e+20 | 3.71e+20 |
J 227.55207, 33.51099| 0.017 | 0.017    | 1.56e+20 | 1.54e+20 | 7.92e+18 | 7.74e+18 | 1.64e+20 | 1.62e+20 |
J 229.18548, 7.02139| 0.036 | 0.036    | 2.74e+20 | 2.70e+20 | 3.33e+19 | 3.28e+19 | 3.08e+20 | 3.03e+20 |
J 230.77021, 8.60560| 0.035 | 0.035    | 2.71e+20 | 2.66e+20 | 3.22e+19 | 3.08e+19 | 3.03e+20 | 2.96e+20 |
J 230.62299, 27.70637| 0.034 | 0.036    | 2.94e+20 | 3.03e+20 | 3.38e+19 | 3.64e+19 | 3.28e+20 | 3.39e+20 |
J 231.04740, 29.87195| 0.023 | 0.023    | 1.91e+20 | 1.92e+20 | 1.35e+19 | 1.35e+19 | 2.04e+20 | 2.06e+20 |
J 235.03388, -3.30417| 0.219 | 0.223    | 8.33e+20 | 8.37e+20 | 6.07e+20 | 6.17e+20 | 1.44e+21 | 1.45e+21 |
J 234.91297, 21.78268| 0.056 | 0.056    | 4.38e+20 | 4.45e+20 | 8.75e+19 | 8.99e+19 | 5.26e+20 | 5.35e+20 |
J 234.91932, 34.42445| 0.026 | 0.027    | 1.86e+20 | 1.84e+20 | 1.55e+19 | 1.55e+19 | 2.01e+20 | 1.99e+20 |
J 236.24638, 36.10948| 0.023 | 0.023    | 1.74e+20 | 1.71e+20 | 1.22e+19 | 1.21e+19 | 1.86e+20 | 1.83e+20 |
J 235.30898, 66.26589| 0.032 | 0.032    | 3.04e+20 | 2.96e+20 | 3.29e+19 | 3.17e+19 | 3.37e+20 | 3.28e+20 |
J 239.58700, 27.22895| 0.044 | 0.043    | 3.83e+20 | 3.79e+20 | 5.84e+19 | 5.72e+19 | 4.42e+20 | 4.36e+20 |
J 240.57094, 15.97453| 0.039 | 0.037    | 3.15e+20 | 3.01e+20 | 4.20e+19 | 3.81e+19 | 3.57e+20 | 3.39e+20 |
J 241.14953, 17.72149| 0.047 | 0.048    | 3.35e+20 | 3.35e+20 | 5.42e+19 | 5.54e+19 | 3.89e+20 | 3.91e+20 |
J 243.94044, -6.15017| 0.314 | 0.327    | 1.09e+21 | 1.09e+21 | 9.45e+20 | 9.65e+20 | 2.04e+21 | 2.06e+21 |
J 246.05841, 41.24376| 0.008 | 0.007    | 8.90e+19 | 8.49e+19 | 1.87e+18 | 1.65e+18 | 9.09e+19 | 8.65e+19 |
J 247.15937, 39.55119| 0.009 | 0.009    | 9.20e+19 | 8.92e+19 | 2.14e+18 | 2.12e+18 | 9.42e+19 | 9.13e+19 |
J 248.19550, 5.57579| 0.076 | 0.077    | 5.61e+20 | 5.67e+20 | 1.57e+20 | 1.61e+20 | 7.17e+20 | 7.28e+20 |
J 248.96180, 66.21175| 0.027 | 0.027    | 2.66e+20 | 2.60e+20 | 2.37e+19 | 2.26e+19 | 2.89e+20 | 2.83e+20 |
J 250.08380, 46.71190| 0.020 | 0.020    | 1.68e+20 | 1.76e+20 | 9.99e+18 | 1.08e+19 | 1.78e+20 | 1.87e+20 |
J 255.67741, 34.06037| 0.021 | 0.022    | 1.88e+20 | 1.88e+20 | 1.24e+19 | 1.25e+19 | 2.00e+20 | 2.01e+20 |
J 258.17890, 64.06967| 0.029 | 0.029    | 2.46e+20 | 2.50e+20 | 2.29e+19 | 2.37e+19 | 2.69e+20 | 2.74e+20 |
J 255.93570, 78.63653| 0.047 | 0.048    | 4.10e+20 | 4.22e+20 | 6.78e+19 | 7.22e+19 | 4.78e+20 | 4.94e+20 |
J 260.03458, 27.66987| 0.046 | 0.044    | 3.28e+20 | 3.31e+20 | 5.27e+19 | 5.03e+19 | 3.81e+20 | 3.82e+20 |
J 260.61356, 32.13294| 0.040 | 0.040    | 3.18e+20 | 3.19e+20 | 4.33e+19 | 4.35e+19 | 3.61e+20 | 3.63e+20 |
J 261.04229, 85.88605| 0.180 | 0.193    | 6.57e+20 | 6.56e+20 | 4.19e+20 | 4.45e+20 | 1.08e+21 | 1.10e+21 |
J 290.29016, 43.95598| 0.109 | 0.111    | 8.05e+20 | 8.10e+20 | 3.17e+20 | 3.26e+20 | 1.12e+21 | 1.14e+21 |
J 328.08824, -19.54775| 0.031 | 0.031    | 2.68e+20 | 2.73e+20 | 2.78e+19 | 2.81e+19 | 2.96e+20 | 3.02e+20 |
J 328.40344, 17.69566| 0.093 | 0.096    | 6.19e+20 | 6.21e+20 | 2.12e+20 | 2.18e+20 | 8.32e+20 | 8.39e+20 |
J 330.21903, 20.96849| 0.095 | 0.099    | 6.45e+20 | 6.62e+20 | 2.26e+20 | 2.40e+20 | 8.71e+20 | 9.02e+20 |
J 332.57830, -12.17037| 0.043 | 0.043    | 3.61e+20 | 3.71e+20 | 5.34e+19 | 5.59e+19 | 4.14e+20 | 4.26e+20 |
J 339.79736, -17.34120| 0.037 | 0.038    | 2.94e+20 | 2.99e+20 | 3.69e+19 | 3.86e+19 | 3.31e+20 | 3.37e+20 |
J 347.09297, -2.19163| 0.057 | 0.060    | 4.48e+20 | 4.62e+20 | 9.16e+19 | 9.89e+19 | 5.40e+20 | 5.60e+20 |
J 348.08176, -21.50314| 0.029 | 0.028    | 1.92e+20 | 1.86e+20 | 1.75e+19 | 1.66e+19 | 2.09e+20 | 2.02e+20 |
J 348.25589, -21.63457| 0.028 | 0.028    | 1.88e+20 | 1.81e+20 | 1.66e+19 | 1.58e+19 | 2.04e+20 | 1.97e+20 |
J 350.98881, 16.77734| 0.038 | 0.036    | 3.22e+20 | 3.16e+20 | 4.12e+19 | 3.80e+19 | 3.63e+20 | 3.53e+20 |
J 351.33241, -12.12434| 0.033 | 0.033    | 2.46e+20 | 2.48e+20 | 2.67e+19 | 2.72e+19 | 2.73e+20 | 2.75e+20 |
J 354.12688, 21.14649| 0.056 | 0.057    | 3.83e+20 | 3.83e+20 | 7.65e+19 | 7.67e+19 | 4.60e+20 | 4.59e+20 |
J 354.41067, 0.26806| 0.035 | 0.034    | 3.64e+20 | 3.55e+20 | 4.38e+19 | 4.16e+19 | 4.08e+20 | 3.96e+20 |
J 356.23855, 9.19187| 0.124 | 0.121    | 6.02e+20 | 5.67e+20 | 2.72e+20 | 2.51e+20 | 8.74e+20 | 8.19e+20 |
J 357.91415, -26.08410| 0.022 | 0.022    | 1.74e+20 | 1.73e+20 | 1.17e+19 | 1.16e+19 | 1.85e+20 | 1.85e+20 |
J 0.80403, -35.93337| 0.012 | 0.012    | 1.16e+20 | 1.18e+20 | 3.95e+18 | 4.02e+18 | 1.20e+20 | 1.22e+20 |
J 3.58137, -30.39173| 0.016 | 0.015    | 1.52e+20 | 1.40e+20 | 7.16e+18 | 5.95e+18 | 1.60e+20 | 1.46e+20 |
J 10.85367, -20.62363| 0.019 | 0.018    | 1.75e+20 | 1.84e+20 | 9.91e+18 | 1.01e+19 | 1.85e+20 | 1.94e+20 |
J 46.01633, -36.94088| 0.020 | 0.020    | 2.30e+20 | 2.30e+20 | 1.44e+19 | 1.43e+19 | 2.44e+20 | 2.45e+20 |
J 46.75722, -28.66541| 0.015 | 0.014    | 1.32e+20 | 1.27e+20 | 5.71e+18 | 5.26e+18 | 1.37e+20 | 1.32e+20 |
J 49.49034, -44.23810| 0.014 | 0.013    | 1.37e+20 | 1.33e+20 | 5.60e+18 | 5.14e+18 | 1.43e+20 | 1.38e+20 |
J 50.48527, -51.32650| 0.017 | 0.018    | 1.36e+20 | 1.37e+20 | 6.97e+18 | 7.32e+18 | 1.43e+20 | 1.44e+20 |
J 55.72781, -53.62343| 0.016 | 0.016    | 1.38e+20 | 1.34e+20 | 6.57e+18 | 6.09e+18 | 1.45e+20 | 1.40e+20 |
J 67.80543, -61.45350| 0.021 | 0.020    | 1.62e+20 | 1.62e+20 | 1.02e+19 | 9.92e+18 | 1.72e+20 | 1.72e+20 |
J 86.90707, -31.87323| 0.030 | 0.030    | 2.11e+20 | 2.07e+20 | 2.05e+19 | 2.01e+19 | 2.32e+20 | 2.27e+20 |
J 90.54898, -39.94974| 0.058 | 0.057    | 4.98e+20 | 5.00e+20 | 1.03e+20 | 1.03e+20 | 6.02e+20 | 6.03e+20 |
J 96.58963, -53.69578| 0.092 | 0.093    | 5.58e+20 | 5.66e+20 | 1.89e+20 | 1.93e+20 | 7.46e+20 | 7.59e+20 |
J 96.70193, -54.54978| 0.108 | 0.117    | 6.70e+20 | 7.10e+20 | 2.66e+20 | 3.03e+20 | 9.36e+20 | 1.01e+21 |
J 193.67040, -29.22725| 0.077 | 0.079    | 6.28e+20 | 6.39e+20 | 1.78e+20 | 1.85e+20 | 8.05e+20 | 8.23e+20 |
J 201.98689, -31.49549| 0.056 | 0.055    | 4.02e+20 | 4.05e+20 | 7.98e+19 | 7.93e+19 | 4.82e+20 | 4.84e+20 |
J 203.40750, -31.67001| 0.054 | 0.054    | 3.76e+20 | 3.75e+20 | 7.11e+19 | 7.15e+19 | 4.47e+20 | 4.47e+20 |
J 206.86847, -32.86457| 0.055 | 0.056    | 4.25e+20 | 4.25e+20 | 8.30e+19 | 8.41e+19 | 5.08e+20 | 5.09e+20 |
J 211.87407, -27.01830| 0.060 | 0.061    | 4.31e+20 | 4.36e+20 | 9.30e+19 | 9.60e+19 | 5.24e+20 | 5.32e+20 |
J 303.17180, -56.84325| 0.053 | 0.051    | 4.52e+20 | 4.44e+20 | 8.47e+19 | 8.08e+19 | 5.37e+20 | 5.24e+20 |
J 328.51751, -57.86742| 0.028 | 0.027    | 2.34e+20 | 2.33e+20 | 2.08e+19 | 2.04e+19 | 2.55e+20 | 2.53e+20 |
J 330.47167, -59.94529| 0.033 | 0.035    | 2.54e+20 | 2.64e+20 | 2.78e+19 | 3.05e+19 | 2.82e+20 | 2.95e+20 |
J 342.49095, -64.42838| 0.027 | 0.027    | 2.39e+20 | 2.39e+20 | 2.09e+19 | 2.07e+19 | 2.60e+20 | 2.60e+20 |
J 356.92992, -28.14300| 0.018 | 0.019    | 1.50e+20 | 1.55e+20 | 8.19e+18 | 9.06e+18 | 1.58e+20 | 1.64e+20 |
J 359.25444, -34.75924| 0.013 | 0.013    | 1.21e+20 | 1.21e+20 | 4.43e+18 | 4.59e+18 | 1.26e+20 | 1.26e+20 |
J 57.88673, -82.21950| 0.072 | 0.073    | 5.77e+20 | 5.83e+20 | 1.53e+20 | 1.55e+20 | 7.30e+20 | 7.38e+20 |
J 99.70254, -53.97398| 0.100 | 0.100    | 6.07e+20 | 6.05e+20 | 2.23e+20 | 2.22e+20 | 8.30e+20 | 8.28e+20 |
J 344.70132, -34.80228| 0.017 | 0.017    | 1.28e+20 | 1.29e+20 | 6.23e+18 | 6.22e+18 | 1.34e+20 | 1.35e+20 |
J 43.61513, 41.57974| 0.100 | 0.102    | 8.54e+20 | 8.68e+20 | 3.11e+20 | 3.21e+20 | 1.17e+21 | 1.19e+21 |
J 192.20528, -41.31098| 0.115 | 0.119    | 8.30e+20 | 8.56e+20 | 3.45e+20 | 3.66e+20 | 1.18e+21 | 1.22e+21 |
J 263.26353, 43.76036| 0.023 | 0.020    | 1.99e+20 | 1.78e+20 | 1.42e+19 | 1.11e+19 | 2.14e+20 | 1.89e+20 |
J 186.74322, 33.54649| 0.016 | 0.017    | 1.82e+20 | 1.83e+20 | 8.99e+18 | 9.28e+18 | 1.91e+20 | 1.93e+20 |
J 299.86825, 40.73388| 0.514 | 0.469    | 3.02e+21 | 2.72e+21 | 1.43e+21 | 1.42e+21 | 4.45e+21 | 4.14e+21 |
J 85.02786, -40.83689| 0.036 | 0.034    | 3.09e+20 | 2.99e+20 | 3.75e+19 | 3.39e+19 | 3.46e+20 | 3.33e+20 |
J 73.71799, -18.11570| 0.056 | 0.057    | 4.04e+20 | 4.09e+20 | 8.10e+19 | 8.24e+19 | 4.85e+20 | 4.91e+20 |
J 66.46363, -8.56012| 0.149 | 0.164    | 7.48e+20 | 7.86e+20 | 3.96e+20 | 4.53e+20 | 1.14e+21 | 1.24e+21 |
J 193.27392, -9.20434| 0.042 | 0.044    | 3.20e+20 | 3.31e+20 | 4.67e+19 | 5.08e+19 | 3.67e+20 | 3.81e+20 |
J 150.05931, -19.63632| 0.041 | 0.042    | 3.91e+20 | 4.09e+20 | 5.65e+19 | 5.96e+19 | 4.48e+20 | 4.68e+20 |
J 252.78400, 4.99234| 0.108 | 0.107    | 6.29e+20 | 6.18e+20 | 2.48e+20 | 2.42e+20 | 8.78e+20 | 8.60e+20 |
J 139.52494, -12.09554| 0.051 | 0.051    | 4.68e+20 | 4.68e+20 | 8.46e+19 | 8.53e+19 | 5.52e+20 | 5.53e+20 |
J 187.44517, 8.00055| 0.021 | 0.021    | 1.54e+20 | 1.53e+20 | 9.79e+18 | 9.74e+18 | 1.64e+20 | 1.63e+20 |
J 187.70576, 12.39130| 0.030 | 0.028    | 2.07e+20 | 1.94e+20 | 2.01e+19 | 1.73e+19 | 2.27e+20 | 2.11e+20 |
J 2.92902, -15.38911| 0.025 | 0.025    | 1.86e+20 | 1.85e+20 | 1.46e+19 | 1.43e+19 | 2.00e+20 | 1.99e+20 |
J 8.86072, -20.26279| 0.021 | 0.021    | 1.61e+20 | 1.64e+20 | 1.01e+19 | 1.05e+19 | 1.71e+20 | 1.74e+20 |
J 29.95605, -8.83358| 0.024 | 0.025    | 2.13e+20 | 2.06e+20 | 1.63e+19 | 1.61e+19 | 2.29e+20 | 2.22e+20 |
J 40.64961, -21.54064| 0.028 | 0.029    | 2.64e+20 | 2.72e+20 | 2.45e+19 | 2.58e+19 | 2.89e+20 | 2.98e+20 |
J 44.28804, -23.43496| 0.026 | 0.026    | 2.05e+20 | 2.08e+20 | 1.70e+19 | 1.74e+19 | 2.22e+20 | 2.26e+20 |
J 44.42093, -22.15309| 0.025 | 0.025    | 2.06e+20 | 2.07e+20 | 1.61e+19 | 1.61e+19 | 2.22e+20 | 2.23e+20 |
J 47.23303, 26.76065| 0.243 | 0.230    | 1.13e+21 | 1.13e+21 | 8.21e+20 | 7.93e+20 | 1.95e+21 | 1.93e+21 |
J 52.42367, -2.19657| 0.059 | 0.059    | 4.68e+20 | 4.64e+20 | 9.90e+19 | 9.84e+19 | 5.67e+20 | 5.62e+20 |
J 64.39453, -11.90909| 0.050 | 0.049    | 3.42e+20 | 3.31e+20 | 5.99e+19 | 5.62e+19 | 4.02e+20 | 3.87e+20 |
J 67.40037, -2.88584| 0.054 | 0.051    | 4.63e+20 | 4.33e+20 | 8.94e+19 | 7.86e+19 | 5.53e+20 | 5.12e+20 |
J 80.17522, -13.48038| 0.126 | 0.130    | 7.21e+20 | 7.29e+20 | 3.28e+20 | 3.41e+20 | 1.05e+21 | 1.07e+21 |
J 86.75659, -39.07451| 0.049 | 0.048    | 3.81e+20 | 3.70e+20 | 6.51e+19 | 6.16e+19 | 4.46e+20 | 4.32e+20 |
J 109.38189, 37.75514| 0.070 | 0.071    | 6.50e+20 | 6.64e+20 | 1.67e+20 | 1.74e+20 | 8.17e+20 | 8.38e+20 |
J 116.22001, 39.45678| 0.053 | 0.053    | 5.55e+20 | 5.66e+20 | 1.06e+20 | 1.09e+20 | 6.61e+20 | 6.76e+20 |
J 168.81513, 53.33425| 0.012 | 0.012    | 9.34e+19 | 8.85e+19 | 2.98e+18 | 2.83e+18 | 9.64e+19 | 9.14e+19 |
J 168.96687, 1.49904| 0.042 | 0.040    | 4.37e+20 | 4.34e+20 | 6.38e+19 | 6.01e+19 | 5.00e+20 | 4.94e+20 |
J 172.97742, -19.92904| 0.056 | 0.054    | 4.01e+20 | 4.02e+20 | 7.93e+19 | 7.74e+19 | 4.80e+20 | 4.80e+20 |
J 177.39940, 22.39862| 0.024 | 0.024    | 1.94e+20 | 1.92e+20 | 1.47e+19 | 1.42e+19 | 2.09e+20 | 2.07e+20 |
J 181.55115, -8.80067| 0.059 | 0.062    | 4.12e+20 | 4.35e+20 | 8.67e+19 | 9.74e+19 | 4.99e+20 | 5.33e+20 |
J 197.75694, -3.17764| 0.028 | 0.028    | 1.77e+20 | 1.82e+20 | 1.57e+19 | 1.62e+19 | 1.93e+20 | 1.98e+20 |
J 245.35334, 38.16907| 0.011 | 0.012    | 1.09e+20 | 1.13e+20 | 3.45e+18 | 3.71e+18 | 1.13e+20 | 1.16e+20 |
J 292.95690, -26.57611| 0.120 | 0.122    | 8.14e+20 | 8.31e+20 | 3.53e+20 | 3.63e+20 | 1.17e+21 | 1.19e+21 |
J 312.48435, -32.28119| 0.080 | 0.082    | 5.61e+20 | 5.60e+20 | 1.64e+20 | 1.67e+20 | 7.24e+20 | 7.27e+20 |
J 332.94107, -3.82701| 0.106 | 0.105    | 5.60e+20 | 5.53e+20 | 2.17e+20 | 2.12e+20 | 7.77e+20 | 7.65e+20 |
J 333.73945, -14.00260| 0.039 | 0.039    | 2.90e+20 | 2.88e+20 | 3.79e+19 | 3.79e+19 | 3.28e+20 | 3.26e+20 |
J 337.14113, 20.62175| 0.047 | 0.046    | 4.29e+20 | 4.26e+20 | 7.16e+19 | 6.95e+19 | 5.01e+20 | 4.95e+20 |
J 337.43899, -27.92734| 0.019 | 0.018    | 1.38e+20 | 1.35e+20 | 7.69e+18 | 7.37e+18 | 1.45e+20 | 1.42e+20 |
J 341.26940, 26.63429| 0.064 | 0.065    | 5.07e+20 | 5.04e+20 | 1.18e+20 | 1.18e+20 | 6.26e+20 | 6.22e+20 |
J 230.46637, 7.70888| 0.037 | 0.036    | 2.72e+20 | 2.68e+20 | 3.33e+19 | 3.24e+19 | 3.05e+20 | 3.00e+20 |
J 181.11341, 1.89522| 0.024 | 0.024    | 1.76e+20 | 1.75e+20 | 1.29e+19 | 1.28e+19 | 1.89e+20 | 1.88e+20 |
J 220.16514, 3.47045| 0.035 | 0.035    | 2.45e+20 | 2.40e+20 | 2.86e+19 | 2.80e+19 | 2.74e+20 | 2.68e+20 |
J 4.63960, 16.43694 | 0.060 | 0.058    | 3.99e+20 | 3.99e+20 | 8.48e+19 | 8.25e+19 | 4.84e+20 | 4.81e+20 |
J 19.72477, -1.00209| 0.044 | 0.044    | 4.12e+20 | 4.02e+20 | 6.39e+19 | 6.15e+19 | 4.76e+20 | 4.63e+20 |
J 70.79147, 2.17186 | 0.165 | 0.163    | 1.04e+21 | 1.02e+21 | 5.75e+20 | 5.61e+20 | 1.61e+21 | 1.58e+21 |
J 73.54585, -3.01450| 0.046 | 0.045    | 4.04e+20 | 3.92e+20 | 6.52e+19 | 6.22e+19 | 4.70e+20 | 4.54e+20 |
J 115.43435, 74.24395| 0.028 | 0.026    | 3.35e+20 | 3.28e+20 | 3.08e+19 | 2.84e+19 | 3.66e+20 | 3.57e+20 |
J 130.73320, 29.45749| 0.054 | 0.056    | 3.94e+20 | 4.11e+20 | 7.61e+19 | 8.21e+19 | 4.70e+20 | 4.93e+20 |
J 137.30314, 10.97556| 0.042 | 0.041    | 3.27e+20 | 3.21e+20 | 4.71e+19 | 4.50e+19 | 3.74e+20 | 3.66e+20 |
J 152.19776, 11.79342| 0.040 | 0.040    | 3.57e+20 | 3.52e+20 | 4.93e+19 | 4.87e+19 | 4.06e+20 | 4.01e+20 |
J 152.63463, -12.66578| 0.066 | 0.068    | 5.61e+20 | 5.82e+20 | 1.36e+20 | 1.44e+20 | 6.97e+20 | 7.26e+20 |
J 224.31287, 22.34236| 0.042 | 0.043    | 3.15e+20 | 3.18e+20 | 4.56e+19 | 4.66e+19 | 3.60e+20 | 3.64e+20 |
J 325.06324, -23.66131| 0.051 | 0.052    | 3.67e+20 | 3.76e+20 | 6.58e+19 | 6.88e+19 | 4.33e+20 | 4.44e+20 |
J 179.96790, 55.53489| 0.013 | 0.014    | 1.00e+20 | 1.05e+20 | 3.74e+18 | 4.09e+18 | 1.04e+20 | 1.09e+20 |
J 20.91627, 33.25604| 0.059 | 0.059    | 5.30e+20 | 5.25e+20 | 1.12e+20 | 1.12e+20 | 6.42e+20 | 6.38e+20 |
J 190.70773, 2.68774| 0.027 | 0.027    | 1.91e+20 | 1.90e+20 | 1.66e+19 | 1.64e+19 | 2.08e+20 | 2.07e+20 |
J 198.84978, -16.38545| 0.076 | 0.077    | 4.97e+20 | 4.87e+20 | 1.38e+20 | 1.37e+20 | 6.36e+20 | 6.24e+20 |
J 225.29692, 1.70201| 0.052 | 0.052    | 4.38e+20 | 4.37e+20 | 8.12e+19 | 8.14e+19 | 5.20e+20 | 5.19e+20 |
J 226.62204, 1.60559| 0.055 | 0.054    | 4.31e+20 | 4.29e+20 | 8.38e+19 | 8.31e+19 | 5.15e+20 | 5.12e+20 |
J 258.11555, -23.36854| 0.698 | 0.664    | 2.00e+21 | 1.92e+21 | 1.42e+21 | 1.42e+21 | 3.42e+21 | 3.34e+21 |
J 116.88098, -19.29438| 0.500 | 0.513    | 4.05e+21 | 4.18e+21 | 1.44e+21 | 1.44e+21 | 5.49e+21 | 5.62e+21 |
J 55.32288, 15.39852| 0.334 | 0.347    | 1.47e+21 | 1.50e+21 | 1.13e+21 | 1.16e+21 | 2.60e+21 | 2.66e+21 |
J 64.90877, 2.40987 | 0.173 | 0.177    | 9.89e+20 | 1.02e+21 | 5.77e+20 | 6.00e+20 | 1.57e+21 | 1.62e+21 |
J 146.80289, 76.38706| 0.031 | 0.031    | 2.15e+20 | 2.28e+20 | 2.13e+19 | 2.33e+19 | 2.37e+20 | 2.52e+20 |
J 351.86468, -2.07750| 0.051 | 0.052    | 4.65e+20 | 4.74e+20 | 8.38e+19 | 8.85e+19 | 5.49e+20 | 5.62e+20 |
J 52.77508, -21.00915| 0.032 | 0.032    | 2.13e+20 | 2.15e+20 | 2.19e+19 | 2.23e+19 | 2.35e+20 | 2.37e+20 |
J 155.95915, -27.25660| 0.070 | 0.069    | 5.73e+20 | 5.57e+20 | 1.47e+20 | 1.40e+20 | 7.20e+20 | 6.97e+20 |
J 35.23576, -38.48089| 0.018 | 0.019    | 1.90e+20 | 1.96e+20 | 1.06e+19 | 1.13e+19 | 2.01e+20 | 2.07e+20 |
J 38.07821, -44.34630| 0.019 | 0.018    | 1.70e+20 | 1.69e+20 | 9.57e+18 | 9.41e+18 | 1.80e+20 | 1.79e+20 |
J 69.75924, 5.34531 | 0.198 | 0.202    | 8.89e+20 | 8.92e+20 | 5.90e+20 | 6.01e+20 | 1.48e+21 | 1.49e+21 |
J 69.75296, 7.26879 | 0.154 | 0.154    | 9.62e+20 | 9.18e+20 | 5.12e+20 | 4.90e+20 | 1.47e+21 | 1.41e+21 |
J 82.22100, -39.47098| 0.023 | 0.022    | 2.21e+20 | 2.11e+20 | 1.58e+19 | 1.44e+19 | 2.37e+20 | 2.25e+20 |
J 101.95845, 70.24713| 0.101 | 0.103    | 5.35e+20 | 5.40e+20 | 1.98e+20 | 2.05e+20 | 7.33e+20 | 7.45e+20 |
J 124.85836, 63.62404| 0.048 | 0.045    | 3.80e+20 | 3.70e+20 | 6.40e+19 | 5.84e+19 | 4.44e+20 | 4.28e+20 |
J 150.13343, 44.14436| 0.011 | 0.011    | 1.05e+20 | 1.05e+20 | 3.30e+18 | 3.20e+18 | 1.09e+20 | 1.08e+20 |
J 155.54181, 38.52321| 0.013 | 0.014    | 1.45e+20 | 1.56e+20 | 5.34e+18 | 6.18e+18 | 1.50e+20 | 1.62e+20 |
J 172.51162, 36.63563| 0.023 | 0.023    | 2.01e+20 | 2.04e+20 | 1.44e+19 | 1.44e+19 | 2.15e+20 | 2.19e+20 |
J 200.06104, 33.14252| 0.014 | 0.015    | 1.26e+20 | 1.31e+20 | 5.01e+18 | 5.54e+18 | 1.31e+20 | 1.36e+20 |
J 206.87747, -11.75279| 0.073 | 0.074    | 4.69e+20 | 4.60e+20 | 1.24e+20 | 1.23e+20 | 5.94e+20 | 5.83e+20 |
J 215.94900, 24.07790| 0.028 | 0.028    | 2.20e+20 | 2.20e+20 | 1.99e+19 | 2.00e+19 | 2.40e+20 | 2.40e+20 |
J 226.03090, -2.80436| 0.111 | 0.110    | 5.93e+20 | 5.97e+20 | 2.41e+20 | 2.41e+20 | 8.34e+20 | 8.38e+20 |
J 233.22409, 30.34964| 0.029 | 0.029    | 2.31e+20 | 2.30e+20 | 2.14e+19 | 2.14e+19 | 2.52e+20 | 2.52e+20 |
J 234.88535, -83.58995| 0.130 | 0.131    | 7.15e+20 | 7.29e+20 | 3.35e+20 | 3.44e+20 | 1.05e+21 | 1.07e+21 |
J 260.04142, 26.62475| 0.045 | 0.045    | 3.45e+20 | 3.36e+20 | 5.39e+19 | 5.25e+19 | 3.99e+20 | 3.89e+20 |
J 260.07064, 35.60656| 0.039 | 0.038    | 3.44e+20 | 3.46e+20 | 4.61e+19 | 4.54e+19 | 3.90e+20 | 3.92e+20 |
J 283.03673, 57.19517| 0.052 | 0.052    | 4.39e+20 | 4.34e+20 | 8.17e+19 | 7.97e+19 | 5.21e+20 | 5.13e+20 |
J 322.41643, 0.08856| 0.047 | 0.046    | 3.69e+20 | 3.63e+20 | 6.05e+19 | 5.78e+19 | 4.29e+20 | 4.21e+20 |
J 202.44895, -31.60654| 0.054 | 0.053    | 3.86e+20 | 3.89e+20 | 7.33e+19 | 7.32e+19 | 4.59e+20 | 4.62e+20 |
J 348.49485, -42.72631| 0.012 | 0.011    | 1.17e+20 | 1.14e+20 | 3.79e+18 | 3.61e+18 | 1.20e+20 | 1.17e+20 |
J 162.60885, -12.84493| 0.050 | 0.050    | 3.88e+20 | 3.87e+20 | 6.82e+19 | 6.81e+19 | 4.57e+20 | 4.55e+20 |
J 115.24306, 55.42731| 0.051 | 0.051    | 4.35e+20 | 4.27e+20 | 7.95e+19 | 7.67e+19 | 5.14e+20 | 5.04e+20 |
J 349.65963, 42.95807| 0.200 | 0.199    | 1.04e+21 | 1.05e+21 | 6.70e+20 | 6.74e+20 | 1.71e+21 | 1.72e+21 |
J 184.42378, 3.65439| 0.019 | 0.019    | 1.74e+20 | 1.78e+20 | 1.01e+19 | 1.01e+19 | 1.84e+20 | 1.88e+20 |
J 209.96052, 62.51794| 0.019 | 0.020    | 1.88e+20 | 1.78e+20 | 1.10e+19 | 1.07e+19 | 1.99e+20 | 1.89e+20 |
J 266.06048, 32.99158| 0.047 | 0.048    | 3.88e+20 | 3.83e+20 | 6.40e+19 | 6.39e+19 | 4.52e+20 | 4.47e+20 |
J 132.52782, 36.07116| 0.032 | 0.032    | 2.95e+20 | 2.96e+20 | 3.19e+19 | 3.19e+19 | 3.26e+20 | 3.28e+20 |
J 155.91556, 4.18557| 0.030 | 0.030    | 2.53e+20 | 2.46e+20 | 2.49e+19 | 2.40e+19 | 2.78e+20 | 2.70e+20 |
J 148.20493, 51.88480| 0.009 | 0.009    | 7.52e+19 | 7.51e+19 | 1.74e+18 | 1.70e+18 | 7.69e+19 | 7.68e+19 |
J 135.15348, 20.89454| 0.028 | 0.028    | 2.90e+20 | 2.86e+20 | 2.71e+19 | 2.60e+19 | 3.17e+20 | 3.12e+20 |
+===================+=======+==========+==========+==========+==========+==========+==========+==========+