#name,Symmetry,Symm_err,Peakiness,Peak_err,Alignment,Align_err,RaffCP(2006),Raff_err_low,Raff_err_high,CavagCP(2010),Cavag_err_low,Cavag_err_high,OSulCP(2011),OSul_err_low,Osul_err_high,HlavaCP(2012),Hlava_err,completeCavPow,complete_err_low,complete_err_high
1E0657_56,0.688,0,-1.248,0,1.11,0,,,,,,,,,,,,,,
2A_0335+096,,,,,,,24,6,23,,,,,,,,,24,6,23
2PIGG_J0011.5-2850,,,,,,,,,,,,,,,,,,,,
2PIGG_J2227.0-3041,,,,,,,,,,,,,,,,,,,,
3C_28.0,,,,,,,,,,,,,,,,,,,,
3C_295,1.006,0,-0.517,0,1.39,0,,,,,,,,,,3560,0,3560,0,0
3C_388,,,,,,,200,80,280,,,,,,,,,200,80,280
4C_55.16,,,,,,,420,160,440,,,,,,,,,420,160,440
ABELL_13,,,,,,,,,,,,,,,,,,,,
ABELL_68,0.882,0,-1.185,0,1.34,0,,,,,,,,,,,,,,
ABELL_85,,,,,,,37,11,37,,,,,,,,,37,11,37
ABELL_119,,,,,,,,,,,,,,,,,,,,
ABELL_133,,,,,,,620,20,260,,,,,,,,,620,20,260
ABELL_141,,,,,,,,,,,,,,,,,,,,
ABELL_160,,,,,,,,,,,,,,,,,,,,
ABELL_193,,,,,,,,,,,,,,,,,,,,
ABELL_209,0.738,0,-1.32,0,0.99,0,,,,,,,,,,,,,,
ABELL_222,,,,,,,,,,,,,,,,,,,,
ABELL_223,,,,,,,,,,,,,,,,,,,,
ABELL_262,,,,,,,9.7,2.6,7.5,,,,,,,,,9.7,2.6,7.5
ABELL_267,0.754,0,-1.12,0,1.05,0,,,,,,,,,,,,,,
ABELL_368,,,,,,,,,,,,,,,,,,,,
ABELL_370,,,,,,,,,,,,,,,,,,,,
ABELL_383,1.325,0,-0.716,0,1.48,0,,,,,,,,,,,,,,
ABELL_399,,,,,,,,,,,,,,,,,,,,
ABELL_400,,,,,,,,,,,,,,,,,,,,
ABELL_401,0.946,0,-1.244,0,1.08,0,,,,,,,,,,,,,,
ABELL_426,,,,,,,150,30,100,,,,,,,,,150,30,100
ABELL_478,0.958,0,-0.817,0,1.29,0,100,20,80,,,,,,,,,100,20,80
ABELL_496,,,,,,,,,,,,,,,,,,,,
ABELL_520,0.346,0,-1.625,0,1.19,0,,,,,,,,,,,,,,
ABELL_521,0.42,0,-1.528,0,1.03,0,,,,,,,,,,,,,,
ABELL_539,,,,,,,,,,,,,,,,,,,,
ABELL_562,,,,,,,,,,,,,,,,,,,,
ABELL_576,,,,,,,,,,,,,,,,,,,,
ABELL_586,0.996,0,-1.077,0,1.07,0,,,,,,,,,,,,,,
ABELL_611,0.876,0,-0.918,0,1.19,0,,,,,,,,,,,,,,
ABELL_644,0.549,0,-1.08,0,1.14,0,,,,,,,,,,,,,,
ABELL_665,0.213,0,-1.36,0,0.76,0,,,,,,,,,,,,,,
ABELL_697,1.164,0,-1.143,0,1.33,0,,,,,,,,,,,,,,
ABELL_744,0.859,0,-0.989,0,0.99,0,,,,,,,,,,,,,,
ABELL_754,,,,,,,,,,,,,,,,,,,,
ABELL_773,1.031,0,-1.19,0,1.26,0,,,,,,,,,,,,,,
ABELL_907,1.057,0,-0.859,0,1.24,0,,,,,,,,,,,,,,
ABELL_963,1.147,0,-0.921,0,1.32,0,,,,,,,,,,,,,,
ABELL_1060,,,,,,,,,,,,,,,,,,,,
ABELL_1063S,,,,,,,,,,,,,,,,,,,,
ABELL_1068,1.05,0,-0.688,0,1.51,0,20,0,0,,,,,,,,,20,0,0
ABELL_1201,0.488,0,-1.074,0,1.08,0,,,,,,,,,,,,,,
ABELL_1204,1.171,0,-0.558,0,1.2,0,,,,,,,,,,,,,,
ABELL_1240,,,,,,,,,,,,,,,,,,,,
ABELL_1361,,,,,,,,,,,,,,,,,,,,
ABELL_1413,1.333,0,-0.981,0,1.71,0,,,,,,,,,,,,,,
ABELL_1423,0.9,0,-1.024,0,0.85,0,,,,,,,,,,,,,,
ABELL_1446,,,,,,,,,,,,,,,,,,,,
ABELL_1569,,,,,,,,,,,,,,,,,,,,
ABELL_1576,,,,,,,,,,,,,,,,,,,,
ABELL_1644,,,,,,,,,,,,,,,,,,,,
ABELL_1650,0.857,0,-1.034,0,1.15,0,,,,,,,,,,,,,,
ABELL_1651,0.982,0,-1.133,0,1.15,0,,,,,,,,,,,,,,
ABELL_1664,0.67,0,-0.717,0,0.81,0,,,,,,,,,,,,,,
ABELL_1689,1.298,0,-0.836,0,1.4,0,,,,,,,,,,,,,,
ABELL_1736,,,,,,,,,,,,,,,,,,,,
ABELL_1758,,,,,,,,,,,,,,,,,,,,
ABELL_1763,0.686,0,-1.223,0,0.83,0,,,,,,,,,,,,,,
ABELL_1795,0.78,0,-0.856,0,1.39,0,160,50,230,,,,,,,,,160,50,230
ABELL_1835,1.16,0,-0.636,0,1.56,0,1800,600,1900,,,,,,,,,1800,600,1900
ABELL_1914,0.518,0,-1.07,0,1.26,0,,,,,,,,,,,,,,
ABELL_1942,,,,,,,,,,,,,,,,,,,,
ABELL_1991,,,,,,,,,,,,,,,,,,,,
ABELL_1995,0.974,0,-1.083,0,1.45,0,,,,,,,,,,,,,,
ABELL_2029,1.2,0,-0.79,0,1.19,0,87,4,49,,,,,,,,,87,4,49
ABELL_2034,1.029,0,-1.653,0,1.07,0,,,,,,,,,,,,,,
ABELL_2052,,,,,,,150,70,200,,,,,,,,,150,70,200
ABELL_2063,,,,,,,,,,,,,,,,,,,,
ABELL_2065,0.514,0,-1.119,0,0.7,0,,,,,,,,,,,,,,
ABELL_2069,,,,,,,,,,,,,,,,,,,,
ABELL_2104,1.462,0,-1.261,0,1.63,0,,,,,,,,,,,,,,
ABELL_2107,,,,,,,,,,,,,,,,,,,,
ABELL_2111,0.583,0,-1.535,0,0.65,0,,,,,,,,,,,,,,
ABELL_2124,,,,,,,,,,,,,,,,,,,,
ABELL_2125,,,,,,,,,,,,,,,,,,,,
ABELL_2142,0.906,0,-1.003,0,0.82,0,,,,,,,,,,,,,,
ABELL_2147,,,,,,,,,,,,,,,,,,,,
ABELL_2151,,,,,,,,,,,,,,,,,,,,
ABELL_2163,0.649,0,-1.163,0,1,0,,,,,,,,,,,,,,
ABELL_2187,,,,,,,,,,,,,,,,,,,,
ABELL_2199,,,,,,,270,60,250,,,,,,,,,270,60,250
ABELL_2204,1.638,0,-0.607,0,1.55,0,,,,,,,,,,,,,,
ABELL_2218,0.834,0,-1.356,0,1.34,0,,,,,,,,,,,,,,
ABELL_2219,0.931,0,-1.079,0,1.46,0,,,,,,,,,,,,,,
ABELL_2244,1.197,0,-0.996,0,1.15,0,,,,,,,,,,,,,,
ABELL_2255,1.006,0,-1.911,0,1.32,0,,,,,,,,,,,,,,
ABELL_2256,0.636,0,-1.513,0,1.1,0,,,,,,,,,,,,,,
ABELL_2259,0.991,0,-1.194,0,1.09,0,,,,,,,,,,,,,,
ABELL_2261,1.025,0,-0.895,0,1.2,0,,,,,,,,,,,,,,
ABELL_2294,0.715,0,-1.163,0,0.95,0,,,,,,,,,,,,,,
ABELL_2319,1.109,0,-1.372,0,1,0,,,,,,,,,,,,,,
ABELL_2384,,,,,,,,,,,,,,,,,,,,
ABELL_2390,0.946,0,-0.827,0,1.34,0,,,,,,,,,,,,,,
ABELL_2409,0.71,0,-1.157,0,1.18,0,,,,,,,,,,,,,,
ABELL_2420,0.757,0,-1.441,0,1.17,0,,,,,,,,,,,,,,
ABELL_2462,,,,,,,,,,,,,,,,,,,,
ABELL_2537,1.122,0,-1.011,0,1.29,0,,,,,,,,,,,,,,
ABELL_2554,,,,,,,,,,,,,,,,,,,,
ABELL_2556,,,,,,,,,,,,,,,,,,,,
ABELL_2589,,,,,,,,,,,,,,,,,,,,
ABELL_2597,1.446,0,-0.63,0,1.99,0,67,29,87,,,,,,,,,67,29,87
ABELL_2626,,,,,,,,,,,,,,,,,,,,
ABELL_2631,0.579,0,-1.566,0,0.88,0,,,,,,,,,,,,,,
ABELL_2657,,,,,,,,,,,,,,,,,,,,
ABELL_2667,0.936,0,-0.729,0,1.35,0,,,,,,,,,,,,,,
ABELL_2717,,,,,,,,,,,,,,,,,,,,
ABELL_2744,0.404,0,-1.224,0,0.91,0,,,,,,,,,,,,,,
ABELL_2813,,,,,,,,,,,,,,,,,,,,
ABELL_3084,,,,,,,,,,,,,,,,,,,,
ABELL_3088,,,,,,,,,,,,,,,,,,,,
ABELL_3112,0.933,0,-0.844,0,1.13,0,,,,,,,,,,,,,,
ABELL_3120,,,,,,,,,,,,,,,,,,,,
ABELL_3158,1.092,0,-1.362,0,1.03,0,,,,,,,,,,,,,,
ABELL_3266,,,,,,,,,,,,,,,,,,,,
ABELL_3364,,,,,,,,,,,,,,,,,,,,
ABELL_3376,,,,,,,,,,,,,,,,,,,,
ABELL_3391,,,,,,,,,,,,,,,,,,,,
ABELL_3395,,,,,,,,,,,,,,,,,,,,
ABELL_3528S,,,,,,,,,,,,,,,,,,,,
ABELL_3558,,,,,,,,,,,,,,,,,,,,
ABELL_3562,,,,,,,,,,,,,,,,,,,,
ABELL_3571,,,,,,,,,,,,,,,,,,,,
ABELL_3581,,,,,,,,,,,,,,,,,,,,
ABELL_3667,,,,,,,,,,,,,,,,,,,,
ABELL_3822,,,,,,,,,,,,,,,,,,,,
ABELL_3827,1.203,0,-1.133,0,1.4,0,,,,,,,,,,,,,,
ABELL_3921,0.883,0,-1.214,0,0.87,0,,,,,,,,,,,,,,
ABELL_4038,,,,,,,,,,,,,,,,,,,,
ABELL_4059,,,,,,,96,35,89,,,,,,,,,96,35,89
ABELL_S0405,,,,,,,,,,,,,,,,,,,,
ABELL_S0592,,,,,,,,,,,,,,,,,,,,
AC_114,,,,,,,,,,,,,,,,,,,,
AWM7,,,,,,,,,,,,,,,,,,,,
CENTAURUS,,,,,,,7.4,1.8,5.8,,,,,,,,,7.4,1.8,5.8
CID_0072,,,,,,,,,,,,,,,,,,,,
CL_J1226.9+3332,1.014,0,-1.039,0,1.17,0,,,,,,,,,,,,,,
CYGNUS_A,,,,,,,1300,200,1100,,,,,,,,,1300,200,1100
ESO_3060170,,,,,,,,,,,,,,,,,,,,
ESO_5520200,,,,,,,,,,,,,,,,,,,,
EXO_0422-086,,,,,,,,,,,,,,,,,,,,
HCG_0062,,,,,,,3.9,2.3,6.1,,,,3.49,1.66,0.91,,,3.49,1.66,0.91
HCG_42,,,,,,,,,,,,,,,,,,,,
HERCULES_A,1.268,0,-0.915,0,1.29,0,310,90,400,,,,,,,,,310,90,400
HYDRA_A,1.425,0,-0.745,0,1.42,0,430,50,200,,,,,,,,,430,50,200
M49,,,,,,,,,,,,,,,,,,,,
M87,,,,,,,6,0.9,4.2,,,,,,,,,6,0.9,4.2
MACS_J0011.7-1523,1.273,0,-0.805,0,1.3,0,,,,,,,,,,,,,,
MACS_J0035.4-2015,1.164,0,-0.969,0,1.43,0,,,,,,,,,,,,,,
MACS_J0159.8-0849,1.118,0,-0.728,0,1.27,0,,,,,,,,,,477,0,477,0,0
MACS_J0242.5-2132,1.327,0,-0.485,0,1.4,0,,,,,,,,,,353,0,353,0,0
MACS_J0257.1-2325,1.061,0,-0.881,0,1.21,0,,,,,,,,,,568,0,568,0,0
MACS_J0257.6-2209,0.915,0,-0.95,0,1.25,0,,,,,,,,,,,,,,
MACS_J0308.9+2645,0.954,0,-1.024,0,1.06,0,,,,,,,,,,,,,,
MACS_J0329.6-0211,0.851,0,-0.605,0,1.08,0,,,,,,,,,,,,,,
MACS_J0417.5-1154,0.372,0,-0.651,0,1.19,0,,,,,,,,,,,,,,
MACS_J0429.6-0253,0.932,0,-0.617,0,1.31,0,,,,,,,,,,83,0,83,0,0
MACS_J0520.7-1328,1.089,0,-0.921,0,1.34,0,,,,,,,,,,,,,,
MACS_J0547.0-3904,0.797,0,-0.635,0,0.81,0,,,,,,,,,,163,0,163,0,0
MACS_J0717.5+3745,0.758,0,-1.131,0,1,0,,,,,,,,,,,,,,
MACS_J0744.8+3927,0.645,0,-0.766,0,1.08,0,,,,,,,,,,,,,,
MACS_J1115.2+5320,0.72,0,-1.292,0,0.75,0,,,,,,,,,,,,,,
MACS_J1115.8+0129,1.346,0,-0.676,0,1.61,0,,,,,,,,,,,,,,
MACS_J1131.8-1955,0.398,0,-0.975,0,0.5,0,,,,,,,,,,,,,,
MACS_J1149.5+2223,0.808,0,-1.128,0,0.87,0,,,,,,,,,,,,,,
MACS_J1206.2-0847,0.867,0,-0.872,0,1.36,0,,,,,,,,,,,,,,
MACS_J1311.0-0310,1.287,0,-0.747,0,1.54,0,,,,,,,,,,,,,,
MACS_J1621.3+3810,1.03,0,-0.706,0,1.29,0,,,,,,,,,,,,,,
MACS_J1931.8-2634,1.419,0,-0.545,0,1.63,0,,,,,,,,,,8760,0,8760,0,0
MACS_J2049.9-3217,0.839,0,-1.108,0,1.04,0,,,,,,,,,,,,,,
MACS_J2211.7-0349,0.664,0,-0.767,0,1.18,0,,,,,,,,,,,,,,
MACS_J2214.9-1359,1.045,0,-1.055,0,1.09,0,,,,,,,,,,,,,,
MACS_J2228+2036,0.5,0,-1.048,0,0.73,0,,,,,,,,,,,,,,
MACS_J2229.7-2755,1.34,0,-0.438,0,1.51,0,,,,,,,,,,,,,,
MACS_J2245.0+2637,1.31,0,-0.805,0,1.28,0,,,,,,,,,,79,0,79,0,0
MKW3S,,,,,,,410,44,420,,,,,,,,,410,44,420
MKW_04,,,,,,,,,,,,,,,,,,,,
MKW_08,,,,,,,,,,,,,,,,,,,,
MS_0015.9+1609,,,,,,,,,,,,,,,,,,,,
MS_0116.3-0115,,,,,,,,,,,,,,,,,,,,
MS_0440.5+0204,,,,,,,,,,,,,,,,,,,,
MS_0451.6-0305,0.702,0,-0.998,0,1.15,0,,,,,,,,,,,,,,
MS_0735.6+7421,,,,,,,6900,2600,7600,,,,,,,,,6900,2600,7600
MS_0839.8+2938,,,,,,,,,,,,,,,,,,,,
MS_0906.5+1110,,,,,,,,,,,,,,,,,,,,
MS_1006.0+1202,,,,,,,,,,,,,,,,,,,,
MS_1008.1-1224,,,,,,,,,,,,,,,,,,,,
MS_1455.0+2232,,,,,,,,,,,,,,,,,,,,
MS_2137.3-2353,1.539,0,-0.489,0,1.53,0,,,,,,,,,,179,0,,,
MS_J1157.3+5531,,,,,,,,,,,,,,,,,,,,
NGC_0507,,,,,,,,,,19.9,6.8,4.4,20.68,5.58,28.72,,,20.68,5.58,28.72
NGC_4636,,,,,,,,,,2.76,0.91,0.56,0.28,0.04,0.11,,,0.28,0.04,0.11
NGC_5044,,,,,,,,,,4.18,1.97,1.18,2.88,0.45,2.55,,,2.88,0.45,2.55
NGC_5813,,,,,,,,,,3.97,2.36,1.02,1.64,0.2,0.29,,,1.64,0.2,0.29
NGC_5846,,,,,,,,,,0.88,0.59,0.3,1.71,0.44,0.5,,,1.71,0.44,0.5
OPHIUCHUS,,,,,,,,,,,,,,,,,,,,
PKS_0745-191,,,,,,,1700,300,1400,,,,,,,,,1700,300,1400
RBS_0461,,,,,,,,,,,,,,,,,,,,
RBS_0533,,,,,,,,,,,,,,,,,,,,
RBS_0797,,,,,,,1200,500,1700,,,,,,,10760,0,10760,0,0
RCS_J2327-0204,,,,,,,,,,,,,,,,,,,,
RXCJ0331.1-2100,,,,,,,,,,,,,,,,,,,,
RXC_J1023.8-2715,,,,,,,,,,,,,,,,,,,,
RX_J0220.9-3829,0.256,0,-0.877,0,0.69,0,,,,,,,,,,,,,,
RX_J0232.2-4420,0.535,0,-0.83,0,0.94,0,,,,,,,,,,,,,,
RX_J0439+0520,1.249,0,-0.717,0,1.31,0,,,,,,,,,,,,,,
RX_J0439.0+0715,0.873,0,-0.994,0,1.38,0,,,,,,,,,,,,,,
RX_J0528.9-3927,0.767,0,-0.963,0,0.76,0,,,,,,,,,,,,,,
RX_J0647.7+7015,,,,,,,,,,,,,,,,,,,,
RX_J0819.6+6336,,,,,,,,,,,,,,,,,,,,
RX_J1000.4+4409,,,,,,,,,,,,,,,,,,,,
RX_J1022.1+3830,,,,,,,,,,,,,,,,,,,,
RX_J1130.0+3637,,,,,,,,,,,,,,,,,,,,
RX_J1320.2+3308,,,,,,,,,,,,,,,,,,,,
RX_J1347.5-1145,0.881,0,-0.464,0,1.28,0,,,,,,,,,,,,,,
RX_J1423.8+2404,,,,,,,1400,900,2500,,,,,,,2053,0,2053,0,0
RX_J1504.1-0248,1.222,0,-0.456,0,1.57,0,,,,,,,,,,,,,,
RX_J1532.9+3021,,,,,,,,,,,,,,,,859,0,859,0,0
RX_J1539.5-8335,,,,,,,,,,,,,,,,,,,,
RX_J1720.1+2638,0.905,0,-0.672,0,1.07,0,,,,,,,,,,,,,,
RX_J1720.2+3536,,,,,,,,,,,,,,,,381,0,381,0,0
RX_J1852.1+5711,,,,,,,,,,,,,,,,,,,,
RX_J2129.6+0005,1.201,0,-0.788,0,1.29,0,,,,,,,,,,,,,,
SC_1327-312,,,,,,,,,,,,,,,,,,,,
SERSIC_159-03,,,,,,,780,260,820,,,,,,,,,780,260,820
SS2B153,,,,,,,,,,,,,,,,,,,,
UGC_03957,,,,,,,,,,,,,,,,,,,,
UGC_12491,,,,,,,,,,,,,,,,,,,,
ZWCL_1215,,,,,,,,,,,,,,,,,,,,
ZWCL_1358+6245,,,,,,,,,,,,,,,,,,,,
ZWCL_1742,,,,,,,,,,,,,,,,,,,,
ZWCL_1953,,,,,,,,,,,,,,,,,,,,
ZWCL_3146,,,,,,,5800,1500,6800,,,,,,,,,5800,1500,6800
ZWICKY_2701,1.481,0,-0.768,0,1.58,0,6000,3500,8900,,,,,,,,,6000,3500,8900
ZwCl_0857.9+2107,,,,,,,,,,,,,,,,,,,,
