#name,UVSFR,UVerr,IRSFR,IR_err,70SFR,70err,24SFR,24err,BCGmass,BCGmass_err
1E0657 56,,,1.88,0,3.44,0,0.84,0.12,6.1,0
2A 0335+096,,,0.72,0,0.94,0.25,0.21,0.02,5.58,0
2PIGG J0011.5-2850,0.92,0,,,,,,,,
2PIGG J2227.0-3041,1.82,0.33,,,,,,,,
3C 28.0,2.3,0.37,13.51,0,2.15,0,2.05,0.29,4.4,0
3C 295,,,,,,,,,,
3C 388,1.14,0,1.78,0,1.61,0.36,1.47,0.15,7.06,0
4C 55.16,,,,,,,,,,
Abell 13,,,,,,,,,,
Abell 68,,,,,,,,,,
Abell 85,0.9,0,0.61,0,0.7,0.16,0.36,0.04,6.72,0
Abell 119,0.57,0,,,,,,,,
Abell 133,0.69,0,,,,,,,,
Abell 141,,,,,,,,,,
Abell 160,0.4,0,,,,,,,,
Abell 193,,,,,,,,,,
Abell 209,,,2.04,0,,,0.91,0.12,7.91,0
Abell 222,,,,,,,,,,
Abell 223,,,,,,,,,,
Abell 262,0.16,0,0.12,0,0.39,0.1,0.08,0.01,3.5,0
Abell 267,2.86,0,5.01,0,,,0.69,0.27,9.84,0
Abell 368,,,,,,,,,,
Abell 370,,,5.96,0,2.86,0,1.19,0.47,14.39,0
Abell 383,2.4,0,5.58,0,,,1.65,0.18,8.03,0
Abell 399,,,,,,,,,,
Abell 400,0.32,0,,,,,,,,
Abell 401,1.1,0,,,,0,,,,
Abell 426,7.11,0.1,34.46,0,12.16,2.43,69.99,7,6.66,0
Abell 478,,,2.39,0,2.15,0.44,0.98,0.1,7.84,0
Abell 496,,,,,,,,,,
Abell 520,,,,,,,,,,
Abell 521,,,,,,,,,,
Abell 539,0.15,0.04,,,,,,,,
Abell 562,,,,,,,,,,
Abell 576,,,,,,,,,,
Abell 586,,,,,,,,,,
Abell 611,,,,,,,,,,
Abell 644,0.33,0,,,,,,,,
Abell 665,,,,,,,,,,
Abell 697,4.17,0,13.33,0,,,1.58,0.16,13.7,0
Abell 744,0.65,0,,,,,,,,
Abell 754,,,,,,,,,,
Abell 773,,,3.64,0,,,1.25,0.16,8.17,0
Abell 907,,,,,,,,,,
Abell 963,2.7,0,,,,,,,,
Abell 1060,0.1,0,,,,,,,,
Abell 1063S,,,0.4,0,,,0.82,0.13,17.78,0
Abell 1068,2.6,0.6,93.15,0,159.87,32.12,119.39,11.94,6.08,0
Abell 1201,,,,,,,,,,
Abell 1204,0.76,0,4.44,0,8.1,1.68,3.72,0.4,4.27,0
Abell 1240,,,,,,,,,,
Abell 1361,,,3.21,0,2.06,0.44,0.73,0.08,4.94,0
Abell 1413,2.32,0,,,,,,,,
Abell 1423,,,,,,,,,,
Abell 1446,0.76,0,,,,,,,,
Abell 1569,0.36,0,,,,,,,,
Abell 1576,,,,,,,,,,
Abell 1644,0.63,0,,,,,,,,
Abell 1650,,,,,,,,,,
Abell 1651,,,,,,,,,,
Abell 1664,16.13,0.27,10,0,11.53,3.12,5.8,0.58,4.9,0
Abell 1689,,,10.88,0,0.82,0,2.17,0.22,6.27,0
Abell 1736,0.23,0,,,,,,,,
Abell 1758,,,3.28,0,,,0.93,0.13,8.51,0
Abell 1763,1.06,0,7.68,0,2.26,0,1.14,0.34,4.18,0
Abell 1795,2.39,0.2,,,,,,,,
Abell 1835,23.56,1.07,235.37,0,134.96,27.86,97.17,9.72,15.03,0
Abell 1914,0.58,0,0.35,0,,,0.31,0.04,3.89,0
Abell 1942,,,,,,,,,,
Abell 1991,0.56,0,,,,,,,,
Abell 1995,2.36,0,,,,,,,,
Abell 2029,1.72,0,,,,,,,,
Abell 2034,,,,,,,,,,
Abell 2052,0.41,0,0.34,0,0.54,0.11,0.47,0.05,4.89,0
Abell 2063,0.31,0,,,,,,,,
Abell 2065,0.35,0,,,,,,,,
Abell 2069,,,,,,,,,,
Abell 2104,,,,,,,,,,
Abell 2107,0.57,0,,,,,,,,
Abell 2111,2.17,0,,,,,,,,
Abell 2124,0.76,0,,,,,,,,
Abell 2125,,,,,,,,,,
Abell 2142,0.77,0,,,,,,,,
Abell 2147,0.35,0,,,,,,,,
Abell 2151,0.38,0,,,,,,,,
Abell 2163,,,,,,,,,,
Abell 2187,1.87,0,,,,,,,,
Abell 2199,0.49,0,0.58,0,,,0.35,0.03,6.35,0
Abell 2204,,,6.06,0,10.27,2.14,4.55,0.46,5.68,0
Abell 2218,,,,,,,,,,
Abell 2219,,,1.17,0,,,1.23,0.14,6.85,0
Abell 2244,,,,,,,,,,
Abell 2255,0.28,0,,,,,,,,
Abell 2256,0.56,0,,,,,,,,
Abell 2259,,,,,,,,,,
Abell 2261,,,9.99,0,1.54,0,1.58,0.17,13.54,0
Abell 2294,,,,,,,,,,
Abell 2319,,,,,,,,,,
Abell 2384,,,,,,,,,,
Abell 2390,8.53,0.86,40.6,0,20.76,5.35,6.14,0.62,7.2,0
Abell 2409,,,,,,,,,,
Abell 2420,,,,,,,,,,
Abell 2462,0.64,0,,,,,,,,
Abell 2537,,,,,,,,,,
Abell 2554,0.82,0,,,,,,,,
Abell 2556,0.7,0,,,,,,,,
Abell 2589,0.47,0,,,,,,,,
Abell 2597,2.52,0.19,3.23,0,3.31,1,1.37,0.15,3.9,0
Abell 2626,0.67,0,0.92,0,0.34,0,0.32,0.03,5.34,0
Abell 2631,,,,,,,,,,
Abell 2657,,,,,,,,,,
Abell 2667,2.32,0.68,75.94,0,,,31.97,3.2,4.84,0
Abell 2717,0.41,0,,,,,,,,
Abell 2744,,,36.16,0,4.88,0,2.31,0.25,7.94,0
Abell 2813,,,,,,,,,,
Abell 3084,0.64,0,,,,,,,,
Abell 3088,,,,,,,,,,
Abell 3112,0.9,0,2.27,0,0.51,0,1.26,0.13,5.53,0
Abell 3120,0.55,0,,,,,,,,
Abell 3158,0.6,0,,,,,,,,
Abell 3266,0.98,0,,,,,,,,
Abell 3364,,,,,,,,,,
Abell 3376,0.29,0,,,,,,,,
Abell 3391,,,0.54,0,0.13,0,0.42,0.04,9.12,0
Abell 3395,,,,,,,,,,
Abell 3528S,1.21,0,,,,,,,,
Abell 3558,0.82,0,,,,,,,,
Abell 3562,0.44,0,,,,,,,,
Abell 3571,,,,,,,,,,
Abell 3581,0.21,0,,,,,,,,
Abell 3667,,,,,,,,,,
Abell 3822,0.74,0,,,,,,,,
Abell 3827,1.7,0,,,,,,,,
Abell 3921,1.31,0,,,,,,,,
Abell 4038,,,,,,,,,,
Abell 4059,0.66,0,0.57,0,0.47,0.11,0.31,0.03,6.04,0
Abell S0405,0.73,0,,,,,,,,
Abell S0592,,,,,,,,,,
AC 114,,,4.62,0,,,0.95,0.1,12.25,0
AWM7,0.24,0,,,,,,,,
CENTAURUS,0.16,0,0.18,0,0.34,0.08,0.23,0.03,6.22,0
CID 0072,0.27,0,0.26,0,0.17,0,0.1,0.01,3.21,0
CL J1226.9+3332,,,132.54,0,26.75,0,3.41,0.51,28.97,0
CYGNUS A,,,95.04,0,31.23,6.27,167.24,16.72,7.56,0
ESO 3060170,0.39,0,,,,,,,,
ESO 5520200,0.4,0,,,,,,,,
EXO 0422-086,0.4,0.09,,,,,,,,
HCG 0062,,,1.07,0,0.14,0,0.21,0.02,3.56,0
HCG 42,0.24,0,0.32,0,0.06,0,0.16,0.02,4.47,0
HERCULES A,1.34,0,1.17,0,,,0.4,0.06,4.32,0
HYDRA A,2.62,0.19,3.77,0,3.08,0.73,2.13,0.21,4.88,0
M49,0.06,0,0.58,0,0.08,0.02,0.76,0.08,2.98,0
M87,0.1,0,0.24,0,0.18,0.04,0.37,0.04,4.55,0
MACS J0011.7-1523,,,,,,,,,,
MACS J0035.4-2015,,,,,,,,,,
MACS J0159.8-0849,,,,,,,,,,
MACS J0242.5-2132,,,,,,,,,,
MACS J0257.1-2325,,,,,,,,,,
MACS J0257.6-2209,,,,,,,,,,
MACS J0308.9+2645,,,,,,,,,,
MACS J0329.6-0211,,,,,,,,,,
MACS J0417.5-1154,,,,,,,,,,
MACS J0429.6-0253,,,,,,,,,,
MACS J0520.7-1328,,,,,,,,,,
MACS J0547.0-3904,,,,,,,,,,
MACS J0717.5+3745,,,,,,,,,,
MACS J0744.8+3927,,,,,,,,,,
MACS J1115.2+5320,,,,,,,,,,
MACS J1115.8+0129,,,,,,,,,,
MACS J1131.8-1955,,,,,,,,,,
MACS J1149.5+2223,,,,,,,,,,
MACS J1206.2-0847,,,,,,,,,,
MACS J1311.0-0310,,,,,,,,,,
MACS J1621.3+3810,,,,,,,,,,
MACS J1931.8-2634,,,,,,,,,,
MACS J2049.9-3217,,,,,,,,,,
MACS J2211.7-0349,,,,,,,,,,
MACS J2214.9-1359,,,,,,,,,,
MACS J2228+2036,,,,,,,,,,
MACS J2229.7-2755,6.95,1.36,,,,,,,,
MACS J2245.0+2637,,,,,,,,,,
MKW3S,0.37,0,,,,,,,,
MKW 04,0.33,0,0.03,0,0.1,0,0.1,0.01,5.66,0
MKW 08,0.19,0,,,,,,,,
MS 0015.9+1609,,,,,,,,,,
MS 0116.3-0115,0.48,0,,,,,,,,
MS 0440.5+0204,,,,,,,,,,
MS 0451.6-0305,,,8.09,0,7.63,0,2.79,0.42,11,0
MS 0735.6+7421,1.51,0,,,,,,,,
MS 0839.8+2938,1.2,0,,,,,,,,
MS 0906.5+1110,,,,,,,,,,
MS 1006.0+1202,,,,,,,,,,
MS 1008.1-1224,,,,,,,,,,
MS 1455.0+2232,5.9,0.86,9.46,0,,,3.16,0.47,10.86,0
MS 2137.3-2353,3.09,0,18.49,0,,,3.73,0.84,10.96,0
MS J1157.3+5531,0.69,0,,,,,,,,
NGC 0507,0.26,0,0.29,0,0.05,0,0.17,0.02,4.83,0
NGC 4636,0.02,0,0.01,0,0.07,0.02,0.02,0,1.38,0
NGC 5044,0.12,0,0.27,0,0.23,0.05,0.19,0.02,3.61,0
NGC 5813,0.07,0,0.04,0,0.11,0.04,0.1,0.01,2.4,0
NGC 5846,0.08,0,0.14,0,0.17,0.04,0.14,0.01,4.78,0
OPHIUCHUS,2.6,0.1,,,,,,,,
PKS 0745-191,,,17.81,0,11.52,2.57,8.5,0.85,9.51,0
RBS 0461,,,,,,,,,,
RBS 0533,0.14,0,,,,,,,,
RBS 0797,,,,,,,,,,
RCS J2327-0204,,,,,,,,,,
RXCJ0331.1-2100,,,,,,,,,,
RXC J1023.8-2715,0.35,0.08,,,,,,,,
RX J0220.9-3829,,,,,,,,,,
RX J0232.2-4420,,,,,,,,,,
RX J0439+0520,,,9.93,0,7.35,1.54,7.57,0.83,8.79,0
RX J0439.0+0715,,,,,,,,,,
RX J0528.9-3927,,,,,,,,,,
RX J0647.7+7015,,,,,,,,,,
RX J0819.6+6336,,,,,,,,,,
RX J1000.4+4409,,,,,,,,,,
RX J1022.1+3830,0.34,0,,,,,,,,
RX J1130.0+3637,0.2,0,,,,,,,,
RX J1320.2+3308,,,,,,,,,,
RX J1347.5-1145,,,,,,,,,,
RX J1423.8+2404,,,,,,,,,,
RX J1504.1-0248,56.5,0.46,,,,,,,,
RX J1532.9+3021,,,227.52,0,110.14,22.03,43.54,4.35,9.33,0
RX J1539.5-8335,,,,,,,,,,
RX J1720.1+2638,2.67,0.68,,,,,,,,
RX J1720.2+3536,,,,,,,,,,
RX J1852.1+5711,,,,,,,,,,
RX J2129.6+0005,2.09,0,5.58,0,4.71,0,5.15,0.51,8.61,0
SC 1327-312,0.37,0,,,,,,,,
SERSIC 159-03,0.52,0,0.89,0,0.67,0.15,0.3,0.03,4.21,0
SS2B153,0.28,0,,,,,,,,
UGC 03957,0.49,0,,,,,,,,
UGC 12491,,,,,,,,,,
ZWCL 1215,,,,,,,,,,
ZWCL 1358+6245,,,2.86,0,,,1.73,0.26,5.36,0
ZWCL 1742,,,2.02,0,1.52,0.32,1.45,0.15,3.8,0
ZWCL 1953,,,,,,,,,,
ZWCL 3146,20.86,1.05,65.51,0,34.09,10.32,31.28,3.13,9.98,0
ZWICKY 2701,,,0.97,0,2.91,0,0.57,0.14,6.32,0
ZwCl 0857.9+2107,5.93,0.55,428.41,0,96.25,19.25,164.99,16.5,2.56,0
