15.662
1.202
18.796
3.276
2.656
2.043
10.549
3.545
13.595
10.697
2.642
29.697
3.164
15.183
26.233
15.335
7.901
14.419
18.669
7.722
11.671
4.679
24.841
1.356
17.412
27.807
11.982
1.333
1.407
2.911
26.122
24.071
15.896
25.026
10.890
4.688
10.829
8.536
9.275
10.381
15.795
20.311
14.822
5.957
6.330
9.863
5.375
2.046
6.827
1.206
78.023
3.782
5.034
5.692
20.330
29.142
11.746
6.075
5.160
10.115
2.709
3.113
21.286
19.108
16.112
2.601
0.956
5.936
13.680
3.699
23.160
2.295
17.337
3.053
6.313
7.537
48.254
14.144
10.720
11.954
17.464
27.692
4.567
29.467
8.160
22.680
22.523
3.704
1.555
17.283
15.196
4.879
48.682
31.954
10.662
3.611
10.558
16.851
4.873
2.413
7.083
22.340
21.399
6.261
17.957
2.806
8.786
1.735
4.908
19.328
9.831
1.731
7.912
28.187
29.246
14.062
6.913
2.649
9.660
13.324
14.566
16.614
36.340
32.491
26.699
7.861
9.095
7.931
6.529
3.517
20.431
18.772
10.545
10.306
4.764
5.578
15.730
4.961
13.362
6.671
5.407
5.949
7.655
2.275
7.962
11.298
3.290
9.280
2.797
4.519
2.482
5.180
4.549
3.393
6.371
2.573
1.432
19.933
10.197
9.270
2.145
2.472
2.297
5.490
3.277
13.315
4.384
17.113
1.791
7.818
16.559
3.839
3.392
3.764
1.518
11.697
6.038
27.789
8.086
1.572
3.389
4.530
9.299
19.676
9.789
17.877
3.696
45.898
1.836
2.292
7.091
11.196
16.476
1.396
1.646
8.643
6.764
2.871
3.528
1.519
7.779
4.556
0.971
12.203
6.193
1.073
4.491
2.299
2.230
5.739
4.635
5.608
1.863
4.008
9.320
8.656
8.537
13.533
11.511
6.342
2.270
2.330
0.732
1.564
2.166
2.141
2.283
8.269
2.227
11.631
1.825
0.899
4.740
5.268
13.218
2.830
2.985
10.683
1.312
4.053
2.599
